0	0.0000	0.0000	0.0000	0.0000
1	0.0098	0.0970	0.0098	0.0098
2	0.0198	0.1151	0.0198	0.0198
3	0.0299	0.1263	0.0299	0.0299
4	0.0400	0.1346	0.0400	0.0400
5	0.0497	0.1410	0.0497	0.0497
6	0.0598	0.1465	0.0598	0.0598
7	0.0699	0.1517	0.0699	0.0699
8	0.0800	0.1572	0.0800	0.0800
9	0.0897	0.1611	0.0897	0.0897
10	0.0998	0.1639	0.0998	0.0998
11	0.1099	0.1663	0.1099	0.1099
12	0.1199	0.1691	0.1199	0.1199
13	0.1297	0.1718	0.1297	0.1297
14	0.1398	0.1743	0.1398	0.1398
15	0.1498	0.1770	0.1498	0.1498
16	0.1599	0.1797	0.1599	0.1599
17	0.1700	0.1813	0.1700	0.1700
18	0.1797	0.1828	0.1797	0.1797
19	0.1898	0.1846	0.1898	0.1898
20	0.1999	0.1862	0.1999	0.1999
21	0.2100	0.1877	0.2100	0.2100
22	0.2197	0.1892	0.2197	0.2197
23	0.2298	0.1910	0.2298	0.2298
24	0.2399	0.1926	0.2399	0.2399
25	0.2499	0.1941	0.2499	0.2499
26	0.2597	0.1959	0.2597	0.2597
27	0.2698	0.1974	0.2698	0.2698
28	0.2798	0.1990	0.2798	0.2798
29	0.2899	0.2002	0.2899	0.2899
30	0.3000	0.2014	0.3000	0.3000
31	0.3098	0.2023	0.3098	0.3098
32	0.3198	0.2032	0.3198	0.3198
33	0.3299	0.2042	0.3299	0.3299
34	0.3400	0.2054	0.3400	0.3400
35	0.3497	0.2063	0.3497	0.3497
36	0.3598	0.2072	0.3598	0.3598
37	0.3699	0.2081	0.3699	0.3699
38	0.3799	0.2094	0.3799	0.3799
39	0.3897	0.2103	0.3897	0.3897
40	0.3998	0.2112	0.3998	0.3998
41	0.4099	0.2121	0.4099	0.4099
42	0.4199	0.2130	0.4199	0.4199
43	0.4300	0.2142	0.4300	0.4300
44	0.4398	0.2151	0.4398	0.4398
45	0.4498	0.2161	0.4498	0.4498
46	0.4599	0.2173	0.4599	0.4599
47	0.4700	0.2182	0.4700	0.4700
48	0.4797	0.2191	0.4797	0.4797
49	0.4898	0.2200	0.4898	0.4898
50	0.4999	0.2206	0.4999	0.4999
51	0.5099	0.2216	0.5099	0.5099
52	0.5197	0.2222	0.5197	0.5197
53	0.5298	0.2231	0.5298	0.5298
54	0.5399	0.2237	0.5399	0.5399
55	0.5499	0.2243	0.5499	0.5499
56	0.5600	0.2249	0.5600	0.5600
57	0.5698	0.2258	0.5698	0.5698
58	0.5798	0.2264	0.5798	0.5798
59	0.5899	0.2274	0.5899	0.5899
60	0.6000	0.2280	0.6000	0.6000
61	0.6097	0.2286	0.6097	0.6097
62	0.6198	0.2295	0.6198	0.6198
63	0.6299	0.2301	0.6299	0.6299
64	0.6400	0.2307	0.6400	0.6400
65	0.6497	0.2316	0.6497	0.6497
66	0.6598	0.2322	0.6598	0.6598
67	0.6699	0.2328	0.6699	0.6699
68	0.6799	0.2338	0.6799	0.6799
69	0.6897	0.2344	0.6897	0.6897
70	0.6998	0.2353	0.6998	0.6998
71	0.7098	0.2359	0.7098	0.7098
72	0.7199	0.2365	0.7199	0.7199
73	0.7300	0.2371	0.7300	0.7300
74	0.7397	0.2380	0.7397	0.7397
75	0.7498	0.2386	0.7498	0.7498
76	0.7599	0.2396	0.7599	0.7599
77	0.7700	0.2402	0.7700	0.7700
78	0.7797	0.2405	0.7797	0.7797
79	0.7898	0.2411	0.7898	0.7898
80	0.7999	0.2414	0.7999	0.7999
81	0.8099	0.2417	0.8099	0.8099
82	0.8197	0.2423	0.8197	0.8197
83	0.8298	0.2426	0.8298	0.8298
84	0.8398	0.2432	0.8398	0.8398
85	0.8499	0.2435	0.8499	0.8499
86	0.8600	0.2441	0.8600	0.8600
87	0.8698	0.2444	0.8698	0.8698
88	0.8798	0.2451	0.8798	0.8798
89	0.8899	0.2454	0.8899	0.8899
90	0.9000	0.2460	0.9000	0.9000
91	0.9097	0.2463	0.9097	0.9097
92	0.9198	0.2469	0.9198	0.9198
93	0.9299	0.2472	0.9299	0.9299
94	0.9399	0.2478	0.9399	0.9399
95	0.9497	0.2481	0.9497	0.9497
96	0.9598	0.2487	0.9598	0.9598
97	0.9698	0.2490	0.9698	0.9698
98	0.9799	0.2496	0.9799	0.9799
99	0.9900	0.2499	0.9900	0.9900
100	0.9998	0.2505	0.9998	0.9998
101	1.0098	0.2509	1.0098	1.0098
102	1.0199	0.2515	1.0199	1.0199
103	1.0300	0.2518	1.0300	1.0300
104	1.0397	0.2524	1.0397	1.0397
105	1.0498	0.2527	1.0498	1.0498
106	1.0599	0.2533	1.0599	1.0599
107	1.0699	0.2536	1.0699	1.0699
108	1.0797	0.2539	1.0797	1.0797
109	1.0898	0.2545	1.0898	1.0898
110	1.0999	0.2548	1.0999	1.0999
111	1.1099	0.2554	1.1099	1.1099
112	1.1200	0.2557	1.1200	1.1200
113	1.1298	0.2563	1.1298	1.1298
114	1.1398	0.2567	1.1398	1.1398
115	1.1499	0.2573	1.1499	1.1499
116	1.1600	0.2576	1.1600	1.1600
117	1.1697	0.2582	1.1697	1.1697
118	1.1798	0.2585	1.1798	1.1798
119	1.1899	0.2591	1.1899	1.1899
120	1.2000	0.2594	1.2000	1.2000
121	1.2097	0.2600	1.2097	1.2097
122	1.2198	0.2603	1.2198	1.2198
123	1.2299	0.2606	1.2299	1.2299
124	1.2399	0.2609	1.2399	1.2399
125	1.2500	0.2612	1.2500	1.2500
126	1.2598	0.2615	1.2598	1.2598
127	1.2698	0.2618	1.2698	1.2698
128	1.2799	0.2621	1.2799	1.2799
129	1.2900	0.2625	1.2900	1.2900
130	1.2997	0.2628	1.2997	1.2997
131	1.3098	0.2631	1.3098	1.3098
132	1.3199	0.2634	1.3199	1.3199
133	1.3300	0.2640	1.3300	1.3300
134	1.3397	0.2643	1.3397	1.3397
135	1.3498	0.2646	1.3498	1.3498
136	1.3599	0.2649	1.3599	1.3599
137	1.3699	0.2652	1.3699	1.3699
138	1.3797	0.2655	1.3797	1.3797
139	1.3898	0.2658	1.3898	1.3898
140	1.3998	0.2661	1.3998	1.3998
141	1.4099	0.2664	1.4099	1.4099
142	1.4200	0.2667	1.4200	1.4200
143	1.4297	0.2670	1.4297	1.4297
144	1.4398	0.2673	1.4398	1.4398
145	1.4499	0.2676	1.4499	1.4499
146	1.4600	0.2679	1.4600	1.4600
147	1.4697	0.2682	1.4697	1.4697
148	1.4798	0.2689	1.4798	1.4798
149	1.4899	0.2692	1.4899	1.4899
150	1.4999	0.2695	1.4999	1.4999
151	1.5097	0.2698	1.5097	1.5097
152	1.5198	0.2701	1.5198	1.5198
153	1.5298	0.2704	1.5298	1.5298
154	1.5399	0.2707	1.5399	1.5399
155	1.5500	0.2710	1.5500	1.5500
156	1.5598	0.2713	1.5598	1.5598
157	1.5698	0.2716	1.5698	1.5698
158	1.5799	0.2719	1.5799	1.5799
159	1.5900	0.2722	1.5900	1.5900
160	1.5997	0.2725	1.5997	1.5997
161	1.6098	0.2728	1.6098	1.6098
162	1.6199	0.2731	1.6199	1.6199
163	1.6299	0.2734	1.6299	1.6299
164	1.6397	0.2740	1.6397	1.6397
165	1.6498	0.2744	1.6498	1.6498
166	1.6599	0.2747	1.6599	1.6599
167	1.6699	0.2750	1.6699	1.6699
168	1.6800	0.2753	1.6800	1.6800
169	1.6898	0.2756	1.6898	1.6898
170	1.6998	0.2759	1.6998	1.6998
171	1.7099	0.2762	1.7099	1.7099
172	1.7200	0.2765	1.7200	1.7200
173	1.7297	0.2768	1.7297	1.7297
174	1.7398	0.2771	1.7398	1.7398
175	1.7499	0.2774	1.7499	1.7499
176	1.7599	0.2777	1.7599	1.7599
177	1.7697	0.2780	1.7697	1.7697
178	1.7798	0.2783	1.7798	1.7798
179	1.7899	0.2789	1.7899	1.7899
180	1.7999	0.2792	1.7999	1.7999
181	1.8100	0.2795	1.8100	1.8100
182	1.8198	0.2798	1.8198	1.8198
183	1.8298	0.2802	1.8298	1.8298
184	1.8399	0.2805	1.8399	1.8399
185	1.8500	0.2805	1.8500	1.8500
186	1.8597	0.2808	1.8597	1.8597
187	1.8698	0.2811	1.8698	1.8698
188	1.8799	0.2814	1.8799	1.8799
189	1.8900	0.2817	1.8900	1.8900
190	1.8997	0.2820	1.8997	1.8997
191	1.9098	0.2820	1.9098	1.9098
192	1.9199	0.2823	1.9199	1.9199
193	1.9299	0.2826	1.9299	1.9299
194	1.9397	0.2829	1.9397	1.9397
195	1.9498	0.2829	1.9498	1.9498
196	1.9598	0.2832	1.9598	1.9598
197	1.9699	0.2835	1.9699	1.9699
198	1.9800	0.2838	1.9800	1.9800
199	1.9897	0.2841	1.9897	1.9897
200	1.9998	0.2844	1.9998	1.9998
201	2.0099	0.2844	2.0099	2.0099
202	2.0200	0.2847	2.0200	2.0200
203	2.0297	0.2850	2.0297	2.0297
204	2.0398	0.2853	2.0398	2.0398
205	2.0499	0.2856	2.0499	2.0499
206	2.0599	0.2859	2.0599	2.0599
207	2.0697	0.2859	2.0697	2.0697
208	2.0798	0.2863	2.0798	2.0798
209	2.0898	0.2866	2.0898	2.0898
210	2.0999	0.2869	2.0999	2.0999
211	2.1100	0.2872	2.1100	2.1100
212	2.1198	0.2875	2.1198	2.1198
213	2.1298	0.2875	2.1298	2.1298
214	2.1399	0.2878	2.1399	2.1399
215	2.1500	0.2881	2.1500	2.1500
216	2.1597	0.2884	2.1597	2.1597
217	2.1698	0.2887	2.1698	2.1698
218	2.1799	0.2887	2.1799	2.1799
219	2.1899	0.2890	2.1899	2.1899
220	2.1997	0.2893	2.1997	2.1997
221	2.2098	0.2896	2.2098	2.2098
222	2.2198	0.2899	2.2198	2.2198
223	2.2299	0.2902	2.2299	2.2299
224	2.2400	0.2902	2.2400	2.2400
225	2.2498	0.2905	2.2498	2.2498
226	2.2598	0.2908	2.2598	2.2598
227	2.2699	0.2911	2.2699	2.2699
228	2.2800	0.2914	2.2800	2.2800
229	2.2897	0.2917	2.2897	2.2897
230	2.2998	0.2917	2.2998	2.2998
231	2.3099	0.2921	2.3099	2.3099
232	2.3199	0.2924	2.3199	2.3199
233	2.3297	0.2927	2.3297	2.3297
234	2.3398	0.2930	2.3398	2.3398
235	2.3499	0.2933	2.3499	2.3499
236	2.3599	0.2933	2.3599	2.3599
237	2.3700	0.2936	2.3700	2.3700
238	2.3798	0.2939	2.3798	2.3798
239	2.3898	0.2942	2.3898	2.3898
240	2.3999	0.2945	2.3999	2.3999
241	2.4100	0.2948	2.4100	2.4100
242	2.4197	0.2948	2.4197	2.4197
243	2.4298	0.2951	2.4298	2.4298
244	2.4399	0.2954	2.4399	2.4399
245	2.4500	0.2957	2.4500	2.4500
246	2.4597	0.2957	2.4597	2.4597
247	2.4698	0.2960	2.4698	2.4698
248	2.4799	0.2963	2.4799	2.4799
249	2.4899	0.2966	2.4899	2.4899
250	2.5000	0.2969	2.5000	2.5000
251	2.5098	0.2972	2.5098	2.5098
252	2.5198	0.2972	2.5198	2.5198
253	2.5299	0.2975	2.5299	2.5299
254	2.5400	0.2979	2.5400	2.5400
255	2.5497	0.2982	2.5497	2.5497
256	2.5598	0.2985	2.5598	2.5598
257	2.5699	0.2988	2.5699	2.5699
258	2.5800	0.2988	2.5800	2.5800
259	2.5897	0.2991	2.5897	2.5897
260	2.5998	0.2994	2.5998	2.5998
261	2.6099	0.2997	2.6099	2.6099
262	2.6199	0.3000	2.6199	2.6199
263	2.6297	0.3003	2.6297	2.6297
264	2.6398	0.3003	2.6398	2.6398
265	2.6498	0.3006	2.6498	2.6498
266	2.6599	0.3006	2.6599	2.6599
267	2.6700	0.3009	2.6700	2.6700
268	2.6797	0.3012	2.6797	2.6797
269	2.6898	0.3012	2.6898	2.6898
270	2.6999	0.3015	2.6999	2.6999
271	2.7100	0.3018	2.7100	2.7100
272	2.7197	0.3021	2.7197	2.7197
273	2.7298	0.3021	2.7298	2.7298
274	2.7399	0.3024	2.7399	2.7399
275	2.7499	0.3027	2.7499	2.7499
276	2.7597	0.3027	2.7597	2.7597
277	2.7698	0.3030	2.7698	2.7698
278	2.7798	0.3033	2.7798	2.7798
279	2.7899	0.3033	2.7899	2.7899
280	2.8000	0.3036	2.8000	2.8000
281	2.8098	0.3040	2.8098	2.8098
282	2.8198	0.3043	2.8198	2.8198
283	2.8299	0.3043	2.8299	2.8299
284	2.8400	0.3046	2.8400	2.8400
285	2.8497	0.3049	2.8497	2.8497
286	2.8598	0.3049	2.8598	2.8598
287	2.8699	0.3052	2.8699	2.8699
288	2.8799	0.3055	2.8799	2.8799
289	2.8897	0.3055	2.8897	2.8897
290	2.8998	0.3058	2.8998	2.8998
291	2.9099	0.3061	2.9099	2.9099
292	2.9199	0.3064	2.9199	2.9199
293	2.9300	0.3064	2.9300	2.9300
294	2.9398	0.3067	2.9398	2.9398
295	2.9498	0.3067	2.9498	2.9498
296	2.9599	0.3070	2.9599	2.9599
297	2.9700	0.3073	2.9700	2.9700
298	2.9797	0.3073	2.9797	2.9797
299	2.9898	0.3076	2.9898	2.9898
300	2.9999	0.3079	2.9999	2.9999
301	3.0099	0.3082	3.0099	3.0099
302	3.0197	0.3082	3.0197	3.0197
303	3.0298	0.3085	3.0298	3.0298
304	3.0399	0.3088	3.0399	3.0399
305	3.0499	0.3088	3.0499	3.0499
306	3.0600	0.3091	3.0600	3.0600
307	3.0698	0.3094	3.0698	3.0698
308	3.0798	0.3098	3.0798	3.0798
309	3.0899	0.3098	3.0899	3.0899
310	3.1000	0.3101	3.1000	3.1000
311	3.1097	0.3104	3.1097	3.1097
312	3.1198	0.3104	3.1198	3.1198
313	3.1299	0.3107	3.1299	3.1299
314	3.1400	0.3110	3.1400	3.1400
315	3.1497	0.3110	3.1497	3.1497
316	3.1598	0.3113	3.1598	3.1598
317	3.1699	0.3116	3.1699	3.1699
318	3.1799	0.3119	3.1799	3.1799
319	3.1897	0.3119	3.1897	3.1897
320	3.1998	0.3122	3.1998	3.1998
321	3.2098	0.3125	3.2098	3.2098
322	3.2199	0.3125	3.2199	3.2199
323	3.2300	0.3128	3.2300	3.2300
324	3.2397	0.3128	3.2397	3.2397
325	3.2498	0.3131	3.2498	3.2498
326	3.2599	0.3134	3.2599	3.2599
327	3.2700	0.3137	3.2700	3.2700
328	3.2797	0.3137	3.2797	3.2797
329	3.2898	0.3140	3.2898	3.2898
330	3.2999	0.3143	3.2999	3.2999
331	3.3099	0.3143	3.3099	3.3099
332	3.3197	0.3146	3.3197	3.3197
333	3.3298	0.3149	3.3298	3.3298
334	3.3398	0.3149	3.3398	3.3398
335	3.3499	0.3152	3.3499	3.3499
336	3.3600	0.3156	3.3600	3.3600
337	3.3698	0.3159	3.3698	3.3698
338	3.3798	0.3159	3.3798	3.3798
339	3.3899	0.3162	3.3899	3.3899
340	3.4000	0.3165	3.4000	3.4000
341	3.4097	0.3165	3.4097	3.4097
342	3.4198	0.3168	3.4198	3.4198
343	3.4299	0.3171	3.4299	3.4299
344	3.4399	0.3174	3.4399	3.4399
345	3.4497	0.3174	3.4497	3.4497
346	3.4598	0.3177	3.4598	3.4598
347	3.4698	0.3180	3.4698	3.4698
348	3.4799	0.3180	3.4799	3.4799
349	3.4900	0.3183	3.4900	3.4900
350	3.4998	0.3183	3.4998	3.4998
351	3.5098	0.3186	3.5098	3.5098
352	3.5199	0.3189	3.5199	3.5199
353	3.5300	0.3192	3.5300	3.5300
354	3.5397	0.3192	3.5397	3.5397
355	3.5498	0.3195	3.5498	3.5498
356	3.5599	0.3198	3.5599	3.5599
357	3.5699	0.3198	3.5699	3.5699
358	3.5797	0.3201	3.5797	3.5797
359	3.5898	0.3204	3.5898	3.5898
360	3.5999	0.3204	3.5999	3.5999
361	3.6099	0.3207	3.6099	3.6099
362	3.6200	0.3207	3.6200	3.6200
363	3.6298	0.3210	3.6298	3.6298
364	3.6398	0.3214	3.6398	3.6398
365	3.6499	0.3214	3.6499	3.6499
366	3.6600	0.3217	3.6600	3.6600
367	3.6697	0.3217	3.6697	3.6697
368	3.6798	0.3220	3.6798	3.6798
369	3.6899	0.3223	3.6899	3.6899
370	3.7000	0.3223	3.7000	3.7000
371	3.7097	0.3226	3.7097	3.7097
372	3.7198	0.3226	3.7198	3.7198
373	3.7299	0.3229	3.7299	3.7299
374	3.7399	0.3232	3.7399	3.7399
375	3.7500	0.3232	3.7500	3.7500
376	3.7598	0.3235	3.7598	3.7598
377	3.7698	0.3238	3.7698	3.7698
378	3.7799	0.3238	3.7799	3.7799
379	3.7900	0.3241	3.7900	3.7900
380	3.7997	0.3241	3.7997	3.7997
381	3.8098	0.3244	3.8098	3.8098
382	3.8199	0.3244	3.8199	3.8199
383	3.8300	0.3247	3.8300	3.8300
384	3.8397	0.3250	3.8397	3.8397
385	3.8498	0.3250	3.8498	3.8498
386	3.8599	0.3253	3.8599	3.8599
387	3.8699	0.3253	3.8699	3.8699
388	3.8797	0.3256	3.8797	3.8797
389	3.8898	0.3259	3.8898	3.8898
390	3.8998	0.3259	3.8998	3.8998
391	3.9099	0.3262	3.9099	3.9099
392	3.9200	0.3262	3.9200	3.9200
393	3.9297	0.3265	3.9297	3.9297
394	3.9398	0.3268	3.9398	3.9398
395	3.9499	0.3268	3.9499	3.9499
396	3.9600	0.3271	3.9600	3.9600
397	3.9697	0.3271	3.9697	3.9697
398	3.9798	0.3275	3.9798	3.9798
399	3.9899	0.3278	3.9899	3.9899
400	3.9999	0.3278	3.9999	3.9999
401	4.0097	0.3281	4.0097	4.0097
402	4.0198	0.3284	4.0198	4.0198
403	4.0298	0.3284	4.0298	4.0298
404	4.0399	0.3287	4.0399	4.0399
405	4.0500	0.3287	4.0500	4.0500
406	4.0598	0.3290	4.0598	4.0598
407	4.0698	0.3293	4.0698	4.0698
408	4.0799	0.3293	4.0799	4.0799
409	4.0900	0.3296	4.0900	4.0900
410	4.0997	0.3296	4.0997	4.0997
411	4.1098	0.3299	4.1098	4.1098
412	4.1199	0.3299	4.1199	4.1199
413	4.1299	0.3302	4.1299	4.1299
414	4.1397	0.3305	4.1397	4.1397
415	4.1498	0.3305	4.1498	4.1498
416	4.1599	0.3308	4.1599	4.1599
417	4.1699	0.3308	4.1699	4.1699
418	4.1800	0.3311	4.1800	4.1800
419	4.1898	0.3314	4.1898	4.1898
420	4.1998	0.3314	4.1998	4.1998
421	4.2099	0.3317	4.2099	4.2099
422	4.2200	0.3317	4.2200	4.2200
423	4.2297	0.3320	4.2297	4.2297
424	4.2398	0.3323	4.2398	4.2398
425	4.2499	0.3323	4.2499	4.2499
426	4.2599	0.3326	4.2599	4.2599
427	4.2697	0.3329	4.2697	4.2697
428	4.2798	0.3329	4.2798	4.2798
429	4.2899	0.3333	4.2899	4.2899
430	4.2999	0.3333	4.2999	4.2999
431	4.3100	0.3336	4.3100	4.3100
432	4.3198	0.3339	4.3198	4.3198
433	4.3298	0.3339	4.3298	4.3298
434	4.3399	0.3342	4.3399	4.3399
435	4.3500	0.3342	4.3500	4.3500
436	4.3597	0.3345	4.3597	4.3597
437	4.3698	0.3348	4.3698	4.3698
438	4.3799	0.3348	4.3799	4.3799
439	4.3900	0.3351	4.3900	4.3900
440	4.3997	0.3354	4.3997	4.3997
441	4.4098	0.3354	4.4098	4.4098
442	4.4199	0.3357	4.4199	4.4199
443	4.4299	0.3357	4.4299	4.4299
444	4.4397	0.3360	4.4397	4.4397
445	4.4498	0.3360	4.4498	4.4498
446	4.4598	0.3363	4.4598	4.4598
447	4.4699	0.3363	4.4699	4.4699
448	4.4800	0.3366	4.4800	4.4800
449	4.4897	0.3369	4.4897	4.4897
450	4.4998	0.3369	4.4998	4.4998
451	4.5099	0.3372	4.5099	4.5099
452	4.5200	0.3375	4.5200	4.5200
453	4.5297	0.3375	4.5297	4.5297
454	4.5398	0.3378	4.5398	4.5398
455	4.5499	0.3378	4.5499	4.5499
456	4.5599	0.3381	4.5599	4.5599
457	4.5697	0.3384	4.5697	4.5697
458	4.5798	0.3384	4.5798	4.5798
459	4.5898	0.3387	4.5898	4.5898
460	4.5999	0.3387	4.5999	4.5999
461	4.6100	0.3391	4.6100	4.6100
462	4.6198	0.3394	4.6198	4.6198
463	4.6298	0.3394	4.6298	4.6298
464	4.6399	0.3397	4.6399	4.6399
465	4.6500	0.3400	4.6500	4.6500
466	4.6597	0.3400	4.6597	4.6597
467	4.6698	0.3403	4.6698	4.6698
468	4.6799	0.3406	4.6799	4.6799
469	4.6899	0.3406	4.6899	4.6899
470	4.6997	0.3409	4.6997	4.6997
471	4.7098	0.3412	4.7098	4.7098
472	4.7198	0.3412	4.7198	4.7198
473	4.7299	0.3415	4.7299	4.7299
474	4.7400	0.3418	4.7400	4.7400
475	4.7498	0.3418	4.7498	4.7498
476	4.7598	0.3421	4.7598	4.7598
477	4.7699	0.3421	4.7699	4.7699
478	4.7800	0.3424	4.7800	4.7800
479	4.7897	0.3427	4.7897	4.7897
480	4.7998	0.3427	4.7998	4.7998
481	4.8099	0.3430	4.8099	4.8099
482	4.8199	0.3433	4.8199	4.8199
483	4.8297	0.3433	4.8297	4.8297
484	4.8398	0.3436	4.8398	4.8398
485	4.8499	0.3439	4.8499	4.8499
486	4.8599	0.3439	4.8599	4.8599
487	4.8700	0.3442	4.8700	4.8700
488	4.8798	0.3445	4.8798	4.8798
489	4.8898	0.3445	4.8898	4.8898
490	4.8999	0.3448	4.8999	4.8999
491	4.9100	0.3452	4.9100	4.9100
492	4.9197	0.3452	4.9197	4.9197
493	4.9298	0.3455	4.9298	4.9298
494	4.9399	0.3458	4.9399	4.9399
495	4.9500	0.3458	4.9500	4.9500
496	4.9597	0.3461	4.9597	4.9597
497	4.9698	0.3464	4.9698	4.9698
498	4.9799	0.3464	4.9799	4.9799
499	4.9899	0.3467	4.9899	4.9899
500	5.0000	0.3470	5.0000	5.0000
501	5.0098	0.3470	5.0098	5.0098
502	5.0198	0.3473	5.0198	5.0198
503	5.0299	0.3476	5.0299	5.0299
504	5.0400	0.3476	5.0400	5.0400
505	5.0497	0.3479	5.0497	5.0497
506	5.0598	0.3479	5.0598	5.0598
507	5.0699	0.3482	5.0699	5.0699
508	5.0800	0.3485	5.0800	5.0800
509	5.0897	0.3485	5.0897	5.0897
510	5.0998	0.3488	5.0998	5.0998
511	5.1099	0.3491	5.1099	5.1099
512	5.1199	0.3491	5.1199	5.1199
513	5.1297	0.3494	5.1297	5.1297
514	5.1398	0.3497	5.1398	5.1398
515	5.1498	0.3497	5.1498	5.1498
516	5.1599	0.3500	5.1599	5.1599
517	5.1700	0.3503	5.1700	5.1700
518	5.1797	0.3503	5.1797	5.1797
519	5.1898	0.3506	5.1898	5.1898
520	5.1999	0.3510	5.1999	5.1999
521	5.2100	0.3510	5.2100	5.2100
522	5.2197	0.3513	5.2197	5.2197
523	5.2298	0.3516	5.2298	5.2298
524	5.2399	0.3516	5.2399	5.2399
525	5.2499	0.3519	5.2499	5.2499
526	5.2597	0.3522	5.2597	5.2597
527	5.2698	0.3522	5.2698	5.2698
528	5.2798	0.3525	5.2798	5.2798
529	5.2899	0.3528	5.2899	5.2899
530	5.3000	0.3528	5.3000	5.3000
531	5.3098	0.3531	5.3098	5.3098
532	5.3198	0.3534	5.3198	5.3198
533	5.3299	0.3534	5.3299	5.3299
534	5.3400	0.3537	5.3400	5.3400
535	5.3497	0.3537	5.3497	5.3497
536	5.3598	0.3540	5.3598	5.3598
537	5.3699	0.3543	5.3699	5.3699
538	5.3799	0.3543	5.3799	5.3799
539	5.3897	0.3546	5.3897	5.3897
540	5.3998	0.3549	5.3998	5.3998
541	5.4099	0.3549	5.4099	5.4099
542	5.4199	0.3552	5.4199	5.4199
543	5.4300	0.3555	5.4300	5.4300
544	5.4398	0.3555	5.4398	5.4398
545	5.4498	0.3558	5.4498	5.4498
546	5.4599	0.3561	5.4599	5.4599
547	5.4700	0.3561	5.4700	5.4700
548	5.4797	0.3564	5.4797	5.4797
549	5.4898	0.3568	5.4898	5.4898
550	5.4999	0.3571	5.4999	5.4999
551	5.5099	0.3571	5.5099	5.5099
552	5.5197	0.3574	5.5197	5.5197
553	5.5298	0.3577	5.5298	5.5298
554	5.5399	0.3577	5.5399	5.5399
555	5.5499	0.3580	5.5499	5.5499
556	5.5600	0.3583	5.5600	5.5600
557	5.5698	0.3583	5.5698	5.5698
558	5.5798	0.3586	5.5798	5.5798
559	5.5899	0.3589	5.5899	5.5899
560	5.6000	0.3589	5.6000	5.6000
561	5.6097	0.3592	5.6097	5.6097
562	5.6198	0.3595	5.6198	5.6198
563	5.6299	0.3595	5.6299	5.6299
564	5.6400	0.3598	5.6400	5.6400
565	5.6497	0.3598	5.6497	5.6497
566	5.6598	0.3601	5.6598	5.6598
567	5.6699	0.3604	5.6699	5.6699
568	5.6799	0.3607	5.6799	5.6799
569	5.6897	0.3607	5.6897	5.6897
570	5.6998	0.3610	5.6998	5.6998
571	5.7098	0.3613	5.7098	5.7098
572	5.7199	0.3616	5.7199	5.7199
573	5.7300	0.3616	5.7300	5.7300
574	5.7397	0.3619	5.7397	5.7397
575	5.7498	0.3622	5.7498	5.7498
576	5.7599	0.3625	5.7599	5.7599
577	5.7700	0.3629	5.7700	5.7700
578	5.7797	0.3629	5.7797	5.7797
579	5.7898	0.3632	5.7898	5.7898
580	5.7999	0.3635	5.7999	5.7999
581	5.8099	0.3638	5.8099	5.8099
582	5.8197	0.3638	5.8197	5.8197
583	5.8298	0.3641	5.8298	5.8298
584	5.8398	0.3644	5.8398	5.8398
585	5.8499	0.3647	5.8499	5.8499
586	5.8600	0.3647	5.8600	5.8600
587	5.8698	0.3650	5.8698	5.8698
588	5.8798	0.3653	5.8798	5.8798
589	5.8899	0.3653	5.8899	5.8899
590	5.9000	0.3656	5.9000	5.9000
591	5.9097	0.3659	5.9097	5.9097
592	5.9198	0.3662	5.9198	5.9198
593	5.9299	0.3665	5.9299	5.9299
594	5.9399	0.3665	5.9399	5.9399
595	5.9497	0.3668	5.9497	5.9497
596	5.9598	0.3671	5.9598	5.9598
597	5.9698	0.3674	5.9698	5.9698
598	5.9799	0.3674	5.9799	5.9799
599	5.9900	0.3677	5.9900	5.9900
600	5.9998	0.3680	5.9998	5.9998
601	6.0098	0.3683	6.0098	6.0098
602	6.0199	0.3683	6.0199	6.0199
603	6.0300	0.3687	6.0300	6.0300
604	6.0397	0.3690	6.0397	6.0397
605	6.0498	0.3693	6.0498	6.0498
606	6.0599	0.3696	6.0599	6.0599
607	6.0699	0.3696	6.0699	6.0699
608	6.0797	0.3699	6.0797	6.0797
609	6.0898	0.3702	6.0898	6.0898
610	6.0999	0.3705	6.0999	6.0999
611	6.1099	0.3705	6.1099	6.1099
612	6.1200	0.3708	6.1200	6.1200
613	6.1298	0.3711	6.1298	6.1298
614	6.1398	0.3714	6.1398	6.1398
615	6.1499	0.3714	6.1499	6.1499
616	6.1600	0.3717	6.1600	6.1600
617	6.1697	0.3720	6.1697	6.1697
618	6.1798	0.3720	6.1798	6.1798
619	6.1899	0.3723	6.1899	6.1899
620	6.2000	0.3726	6.2000	6.2000
621	6.2097	0.3729	6.2097	6.2097
622	6.2198	0.3732	6.2198	6.2198
623	6.2299	0.3732	6.2299	6.2299
624	6.2399	0.3735	6.2399	6.2399
625	6.2500	0.3738	6.2500	6.2500
626	6.2598	0.3741	6.2598	6.2598
627	6.2698	0.3741	6.2698	6.2698
628	6.2799	0.3745	6.2799	6.2799
629	6.2900	0.3748	6.2900	6.2900
630	6.2997	0.3751	6.2997	6.2997
631	6.3098	0.3754	6.3098	6.3098
632	6.3199	0.3754	6.3199	6.3199
633	6.3300	0.3757	6.3300	6.3300
634	6.3397	0.3760	6.3397	6.3397
635	6.3498	0.3763	6.3498	6.3498
636	6.3599	0.3763	6.3599	6.3599
637	6.3699	0.3766	6.3699	6.3699
638	6.3797	0.3769	6.3797	6.3797
639	6.3898	0.3772	6.3898	6.3898
640	6.3998	0.3772	6.3998	6.3998
641	6.4099	0.3775	6.4099	6.4099
642	6.4200	0.3778	6.4200	6.4200
643	6.4297	0.3778	6.4297	6.4297
644	6.4398	0.3781	6.4398	6.4398
645	6.4499	0.3784	6.4499	6.4499
646	6.4600	0.3787	6.4600	6.4600
647	6.4697	0.3790	6.4697	6.4697
648	6.4798	0.3790	6.4798	6.4798
649	6.4899	0.3793	6.4899	6.4899
650	6.4999	0.3796	6.4999	6.4999
651	6.5097	0.3799	6.5097	6.5097
652	6.5198	0.3799	6.5198	6.5198
653	6.5298	0.3802	6.5298	6.5298
654	6.5399	0.3802	6.5399	6.5399
655	6.5500	0.3806	6.5500	6.5500
656	6.5598	0.3809	6.5598	6.5598
657	6.5698	0.3809	6.5698	6.5698
658	6.5799	0.3812	6.5799	6.5799
659	6.5900	0.3812	6.5900	6.5900
660	6.5997	0.3815	6.5997	6.5997
661	6.6098	0.3818	6.6098	6.6098
662	6.6199	0.3818	6.6199	6.6199
663	6.6299	0.3821	6.6299	6.6299
664	6.6397	0.3821	6.6397	6.6397
665	6.6498	0.3824	6.6498	6.6498
666	6.6599	0.3827	6.6599	6.6599
667	6.6699	0.3827	6.6699	6.6699
668	6.6800	0.3830	6.6800	6.6800
669	6.6898	0.3830	6.6898	6.6898
670	6.6998	0.3833	6.6998	6.6998
671	6.7099	0.3833	6.7099	6.7099
672	6.7200	0.3836	6.7200	6.7200
673	6.7297	0.3836	6.7297	6.7297
674	6.7398	0.3839	6.7398	6.7398
675	6.7499	0.3842	6.7499	6.7499
676	6.7599	0.3842	6.7599	6.7599
677	6.7697	0.3845	6.7697	6.7697
678	6.7798	0.3845	6.7798	6.7798
679	6.7899	0.3848	6.7899	6.7899
680	6.7999	0.3851	6.7999	6.7999
681	6.8100	0.3851	6.8100	6.8100
682	6.8198	0.3854	6.8198	6.8198
683	6.8298	0.3854	6.8298	6.8298
684	6.8399	0.3857	6.8399	6.8399
685	6.8500	0.3860	6.8500	6.8500
686	6.8597	0.3860	6.8597	6.8597
687	6.8698	0.3864	6.8698	6.8698
688	6.8799	0.3864	6.8799	6.8799
689	6.8900	0.3867	6.8900	6.8900
690	6.8997	0.3870	6.8997	6.8997
691	6.9098	0.3870	6.9098	6.9098
692	6.9199	0.3873	6.9199	6.9199
693	6.9299	0.3873	6.9299	6.9299
694	6.9397	0.3876	6.9397	6.9397
695	6.9498	0.3879	6.9498	6.9498
696	6.9598	0.3879	6.9598	6.9598
697	6.9699	0.3882	6.9699	6.9699
698	6.9800	0.3882	6.9800	6.9800
699	6.9897	0.3885	6.9897	6.9897
700	6.9998	0.3888	6.9998	6.9998
701	7.0099	0.3888	7.0099	7.0099
702	7.0200	0.3891	7.0200	7.0200
703	7.0297	0.3891	7.0297	7.0297
704	7.0398	0.3894	7.0398	7.0398
705	7.0499	0.3894	7.0499	7.0499
706	7.0599	0.3897	7.0599	7.0599
707	7.0697	0.3897	7.0697	7.0697
708	7.0798	0.3900	7.0798	7.0798
709	7.0898	0.3903	7.0898	7.0898
710	7.0999	0.3906	7.0999	7.0999
711	7.1100	0.3906	7.1100	7.1100
712	7.1198	0.3909	7.1198	7.1198
713	7.1298	0.3912	7.1298	7.1298
714	7.1399	0.3915	7.1399	7.1399
715	7.1500	0.3915	7.1500	7.1500
716	7.1597	0.3918	7.1597	7.1597
717	7.1698	0.3922	7.1698	7.1698
718	7.1799	0.3925	7.1799	7.1799
719	7.1899	0.3925	7.1899	7.1899
720	7.1997	0.3928	7.1997	7.1997
721	7.2098	0.3931	7.2098	7.2098
722	7.2198	0.3931	7.2198	7.2198
723	7.2299	0.3934	7.2299	7.2299
724	7.2400	0.3937	7.2400	7.2400
725	7.2498	0.3940	7.2498	7.2498
726	7.2598	0.3940	7.2598	7.2598
727	7.2699	0.3943	7.2699	7.2699
728	7.2800	0.3946	7.2800	7.2800
729	7.2897	0.3949	7.2897	7.2897
730	7.2998	0.3949	7.2998	7.2998
731	7.3099	0.3952	7.3099	7.3099
732	7.3199	0.3955	7.3199	7.3199
733	7.3297	0.3955	7.3297	7.3297
734	7.3398	0.3958	7.3398	7.3398
735	7.3499	0.3961	7.3499	7.3499
736	7.3599	0.3961	7.3599	7.3599
737	7.3700	0.3964	7.3700	7.3700
738	7.3798	0.3967	7.3798	7.3798
739	7.3898	0.3970	7.3898	7.3898
740	7.3999	0.3970	7.3999	7.3999
741	7.4100	0.3973	7.4100	7.4100
742	7.4197	0.3976	7.4197	7.4197
743	7.4298	0.3979	7.4298	7.4298
744	7.4399	0.3979	7.4399	7.4399
745	7.4500	0.3983	7.4500	7.4500
746	7.4597	0.3986	7.4597	7.4597
747	7.4698	0.3989	7.4698	7.4698
748	7.4799	0.3989	7.4799	7.4799
749	7.4899	0.3992	7.4899	7.4899
750	7.5000	0.3995	7.5000	7.5000
751	7.5098	0.3998	7.5098	7.5098
752	7.5198	0.3998	7.5198	7.5198
753	7.5299	0.4004	7.5299	7.5299
754	7.5400	0.4007	7.5400	7.5400
755	7.5497	0.4013	7.5497	7.5497
756	7.5598	0.4019	7.5598	7.5598
757	7.5699	0.4022	7.5699	7.5699
758	7.5800	0.4028	7.5800	7.5800
759	7.5897	0.4034	7.5897	7.5897
760	7.5998	0.4037	7.5998	7.5998
761	7.6099	0.4044	7.6099	7.6099
762	7.6199	0.4050	7.6199	7.6199
763	7.6297	0.4053	7.6297	7.6297
764	7.6398	0.4059	7.6398	7.6398
765	7.6498	0.4065	7.6498	7.6498
766	7.6599	0.4068	7.6599	7.6599
767	7.6700	0.4074	7.6700	7.6700
768	7.6797	0.4077	7.6797	7.6797
769	7.6898	0.4083	7.6898	7.6898
770	7.6999	0.4089	7.6999	7.6999
771	7.7100	0.4095	7.7100	7.7100
772	7.7197	0.4099	7.7197	7.7197
773	7.7298	0.4105	7.7298	7.7298
774	7.7399	0.4111	7.7399	7.7399
775	7.7499	0.4114	7.7499	7.7499
776	7.7597	0.4120	7.7597	7.7597
777	7.7698	0.4126	7.7698	7.7698
778	7.7798	0.4129	7.7798	7.7798
779	7.7899	0.4135	7.7899	7.7899
780	7.8000	0.4138	7.8000	7.8000
781	7.8098	0.4144	7.8098	7.8098
782	7.8198	0.4150	7.8198	7.8198
783	7.8299	0.4153	7.8299	7.8299
784	7.8400	0.4160	7.8400	7.8400
785	7.8497	0.4166	7.8497	7.8497
786	7.8598	0.4169	7.8598	7.8598
787	7.8699	0.4175	7.8699	7.8699
788	7.8799	0.4181	7.8799	7.8799
789	7.8897	0.4184	7.8897	7.8897
790	7.8998	0.4190	7.8998	7.8998
791	7.9099	0.4196	7.9099	7.9099
792	7.9199	0.4199	7.9199	7.9199
793	7.9300	0.4202	7.9300	7.9300
794	7.9398	0.4205	7.9398	7.9398
795	7.9498	0.4205	7.9498	7.9498
796	7.9599	0.4208	7.9599	7.9599
797	7.9700	0.4211	7.9700	7.9700
798	7.9797	0.4214	7.9797	7.9797
799	7.9898	0.4218	7.9898	7.9898
800	7.9999	0.4218	7.9999	7.9999
801	8.0099	0.4221	8.0099	8.0099
802	8.0197	0.4224	8.0197	8.0197
803	8.0298	0.4227	8.0298	8.0298
804	8.0399	0.4230	8.0399	8.0399
805	8.0499	0.4230	8.0499	8.0499
806	8.0600	0.4233	8.0600	8.0600
807	8.0698	0.4236	8.0698	8.0698
808	8.0798	0.4239	8.0798	8.0798
809	8.0899	0.4242	8.0899	8.0899
810	8.1000	0.4242	8.1000	8.1000
811	8.1097	0.4245	8.1097	8.1097
812	8.1198	0.4248	8.1198	8.1198
813	8.1299	0.4248	8.1299	8.1299
814	8.1400	0.4251	8.1400	8.1400
815	8.1497	0.4254	8.1497	8.1497
816	8.1598	0.4257	8.1598	8.1598
817	8.1699	0.4260	8.1699	8.1699
818	8.1799	0.4260	8.1799	8.1799
819	8.1897	0.4263	8.1897	8.1897
820	8.1998	0.4266	8.1998	8.1998
821	8.2098	0.4269	8.2098	8.2098
822	8.2199	0.4272	8.2199	8.2199
823	8.2300	0.4272	8.2300	8.2300
824	8.2397	0.4276	8.2397	8.2397
825	8.2498	0.4279	8.2498	8.2498
826	8.2599	0.4282	8.2599	8.2599
827	8.2700	0.4285	8.2700	8.2700
828	8.2797	0.4285	8.2797	8.2797
829	8.2898	0.4288	8.2898	8.2898
830	8.2999	0.4291	8.2999	8.2999
831	8.3099	0.4294	8.3099	8.3099
832	8.3197	0.4297	8.3197	8.3197
833	8.3298	0.4297	8.3298	8.3298
834	8.3398	0.4303	8.3398	8.3398
835	8.3499	0.4306	8.3499	8.3499
836	8.3600	0.4309	8.3600	8.3600
837	8.3698	0.4315	8.3698	8.3698
838	8.3798	0.4318	8.3798	8.3798
839	8.3899	0.4324	8.3899	8.3899
840	8.4000	0.4327	8.4000	8.4000
841	8.4097	0.4333	8.4097	8.4097
842	8.4198	0.4337	8.4198	8.4198
843	8.4299	0.4343	8.4299	8.4299
844	8.4399	0.4346	8.4399	8.4399
845	8.4497	0.4352	8.4497	8.4497
846	8.4598	0.4355	8.4598	8.4598
847	8.4698	0.4361	8.4698	8.4698
848	8.4799	0.4364	8.4799	8.4799
849	8.4900	0.4370	8.4900	8.4900
850	8.4998	0.4373	8.4998	8.4998
851	8.5098	0.4379	8.5098	8.5098
852	8.5199	0.4382	8.5199	8.5199
853	8.5300	0.4388	8.5300	8.5300
854	8.5397	0.4391	8.5397	8.5397
855	8.5498	0.4398	8.5498	8.5498
856	8.5599	0.4401	8.5599	8.5599
857	8.5699	0.4407	8.5699	8.5699
858	8.5797	0.4410	8.5797	8.5797
859	8.5898	0.4416	8.5898	8.5898
860	8.5999	0.4419	8.5999	8.5999
861	8.6099	0.4422	8.6099	8.6099
862	8.6200	0.4428	8.6200	8.6200
863	8.6298	0.4431	8.6298	8.6298
864	8.6398	0.4437	8.6398	8.6398
865	8.6499	0.4440	8.6499	8.6499
866	8.6600	0.4446	8.6600	8.6600
867	8.6697	0.4449	8.6697	8.6697
868	8.6798	0.4456	8.6798	8.6798
869	8.6899	0.4459	8.6899	8.6899
870	8.7000	0.4465	8.7000	8.7000
871	8.7097	0.4468	8.7097	8.7097
872	8.7198	0.4474	8.7198	8.7198
873	8.7299	0.4477	8.7299	8.7299
874	8.7399	0.4483	8.7399	8.7399
875	8.7500	0.4486	8.7500	8.7500
876	8.7598	0.4492	8.7598	8.7598
877	8.7698	0.4495	8.7698	8.7698
878	8.7799	0.4501	8.7799	8.7799
879	8.7900	0.4504	8.7900	8.7900
880	8.7997	0.4510	8.7997	8.7997
881	8.8098	0.4517	8.8098	8.8098
882	8.8199	0.4523	8.8199	8.8199
883	8.8300	0.4526	8.8300	8.8300
884	8.8397	0.4532	8.8397	8.8397
885	8.8498	0.4538	8.8498	8.8498
886	8.8599	0.4541	8.8599	8.8599
887	8.8699	0.4547	8.8699	8.8699
888	8.8797	0.4550	8.8797	8.8797
889	8.8898	0.4556	8.8898	8.8898
890	8.8998	0.4562	8.8998	8.8998
891	8.9099	0.4568	8.9099	8.9099
892	8.9200	0.4572	8.9200	8.9200
893	8.9297	0.4578	8.9297	8.9297
894	8.9398	0.4584	8.9398	8.9398
895	8.9499	0.4587	8.9499	8.9499
896	8.9600	0.4593	8.9600	8.9600
897	8.9697	0.4599	8.9697	8.9697
898	8.9798	0.4602	8.9798	8.9798
899	8.9899	0.4608	8.9899	8.9899
900	8.9999	0.4614	8.9999	8.9999
901	9.0097	0.4617	9.0097	9.0097
902	9.0198	0.4623	9.0198	9.0198
903	9.0298	0.4630	9.0298	9.0298
904	9.0399	0.4633	9.0399	9.0399
905	9.0500	0.4639	9.0500	9.0500
906	9.0598	0.4645	9.0598	9.0598
907	9.0698	0.4651	9.0698	9.0698
908	9.0799	0.4654	9.0799	9.0799
909	9.0900	0.4660	9.0900	9.0900
910	9.0997	0.4663	9.0997	9.0997
911	9.1098	0.4669	9.1098	9.1098
912	9.1199	0.4675	9.1199	9.1199
913	9.1299	0.4678	9.1299	9.1299
914	9.1397	0.4684	9.1397	9.1397
915	9.1498	0.4691	9.1498	9.1498
916	9.1599	0.4697	9.1599	9.1599
917	9.1699	0.4700	9.1699	9.1699
918	9.1800	0.4709	9.1800	9.1800
919	9.1898	0.4715	9.1898	9.1898
920	9.1998	0.4721	9.1998	9.1998
921	9.2099	0.4727	9.2099	9.2099
922	9.2200	0.4736	9.2200	9.2200
923	9.2297	0.4742	9.2297	9.2297
924	9.2398	0.4749	9.2398	9.2398
925	9.2499	0.4758	9.2499	9.2499
926	9.2599	0.4764	9.2599	9.2599
927	9.2697	0.4770	9.2697	9.2697
928	9.2798	0.4776	9.2798	9.2798
929	9.2899	0.4782	9.2899	9.2899
930	9.2999	0.4791	9.2999	9.2999
931	9.3100	0.4797	9.3100	9.3100
932	9.3198	0.4803	9.3198	9.3198
933	9.3298	0.4813	9.3298	9.3298
934	9.3399	0.4819	9.3399	9.3399
935	9.3500	0.4825	9.3500	9.3500
936	9.3597	0.4834	9.3597	9.3597
937	9.3698	0.4840	9.3698	9.3698
938	9.3799	0.4846	9.3799	9.3799
939	9.3900	0.4852	9.3900	9.3900
940	9.3997	0.4861	9.3997	9.3997
941	9.4098	0.4868	9.4098	9.4098
942	9.4199	0.4874	9.4199	9.4199
943	9.4299	0.4880	9.4299	9.4299
944	9.4397	0.4889	9.4397	9.4397
945	9.4498	0.4895	9.4498	9.4498
946	9.4598	0.4901	9.4598	9.4598
947	9.4699	0.4907	9.4699	9.4699
948	9.4800	0.4916	9.4800	9.4800
949	9.4897	0.4922	9.4897	9.4897
950	9.4998	0.4929	9.4998	9.4998
951	9.5099	0.4938	9.5099	9.5099
952	9.5200	0.4944	9.5200	9.5200
953	9.5297	0.4950	9.5297	9.5297
954	9.5398	0.4956	9.5398	9.5398
955	9.5499	0.4962	9.5499	9.5499
956	9.5599	0.4971	9.5599	9.5599
957	9.5697	0.4977	9.5697	9.5697
958	9.5798	0.4984	9.5798	9.5798
959	9.5898	0.4993	9.5898	9.5898
960	9.5999	0.4999	9.5999	9.5999
961	9.6100	0.5011	9.6100	9.6100
962	9.6198	0.5023	9.6198	9.6198
963	9.6298	0.5035	9.6298	9.6298
964	9.6399	0.5048	9.6399	9.6399
965	9.6500	0.5060	9.6500	9.6500
966	9.6597	0.5072	9.6597	9.6597
967	9.6698	0.5087	9.6698	9.6698
968	9.6799	0.5099	9.6799	9.6799
969	9.6899	0.5112	9.6899	9.6899
970	9.6997	0.5124	9.6997	9.6997
971	9.7098	0.5136	9.7098	9.7098
972	9.7198	0.5148	9.7198	9.7198
973	9.7299	0.5161	9.7299	9.7299
974	9.7400	0.5173	9.7400	9.7400
975	9.7498	0.5188	9.7498	9.7498
976	9.7598	0.5197	9.7598	9.7598
977	9.7699	0.5209	9.7699	9.7699
978	9.7800	0.5225	9.7800	9.7800
979	9.7897	0.5237	9.7897	9.7897
980	9.7998	0.5249	9.7998	9.7998
981	9.8099	0.5261	9.8099	9.8099
982	9.8199	0.5273	9.8199	9.8199
983	9.8297	0.5286	9.8297	9.8297
984	9.8398	0.5298	9.8398	9.8398
985	9.8499	0.5310	9.8499	9.8499
986	9.8599	0.5322	9.8599	9.8599
987	9.8700	0.5338	9.8700	9.8700
988	9.8798	0.5350	9.8798	9.8798
989	9.8898	0.5362	9.8898	9.8898
990	9.8999	0.5374	9.8999	9.8999
991	9.9100	0.5386	9.9100	9.9100
992	9.9197	0.5399	9.9197	9.9197
993	9.9298	0.5411	9.9298	9.9298
994	9.9399	0.5423	9.9399	9.9399
995	9.9500	0.5435	9.9500	9.9500
996	9.9597	0.5447	9.9597	9.9597
997	9.9698	0.5463	9.9698	9.9698
998	9.9799	0.5475	9.9799	9.9799
999	9.9899	0.5484	9.9899	9.9899
1000	9.9997	0.5499	9.9997	9.9997
1001	9.9997	0.5499	9.9997	5.9998
1002	9.9997	0.5362	9.9997	5.8798
1003	9.9997	0.5237	9.9997	5.7599
1004	9.9997	0.5112	9.9997	5.6299
1005	9.9997	0.4993	9.9997	5.5099
1006	9.9997	0.4922	9.9997	5.3897
1007	9.9997	0.4852	9.9997	5.2698
1008	9.9997	0.4782	9.9997	5.1398
1009	9.9997	0.4715	9.9997	5.0198
1010	9.9997	0.4660	9.9997	4.8999
1011	9.9997	0.4602	9.9997	4.7800
1012	9.9997	0.4550	9.9997	4.6500
1013	9.9997	0.4501	9.9997	4.5297
1014	9.9997	0.4456	9.9997	4.4098
1015	9.9997	0.4410	9.9997	4.2899
1016	9.9997	0.4364	9.9997	4.1599
1017	9.9997	0.4318	9.9997	4.0399
1018	9.9997	0.4285	9.9997	3.9200
1019	9.9997	0.4260	9.9997	3.7997
1020	9.9997	0.4239	9.9997	3.6697
1021	9.9997	0.4211	9.9997	3.5498
1022	9.9997	0.4175	9.9997	3.4299
1023	9.9997	0.4126	9.9997	3.3099
1024	9.9997	0.4074	9.9997	3.1799
1025	9.9997	0.4022	9.9997	3.0600
1026	9.9997	0.3989	9.9997	2.9398
1027	9.9997	0.3964	9.9997	2.8198
1028	9.9997	0.3943	9.9997	2.6898
1029	9.9997	0.3922	9.9997	2.5699
1030	9.9997	0.3897	9.9997	2.4500
1031	9.9997	0.3879	9.9997	2.3297
1032	9.9997	0.3860	9.9997	2.1997
1033	9.9997	0.3842	9.9997	2.0798
1034	9.9997	0.3827	9.9997	1.9598
1035	9.9997	0.3809	9.9997	1.8399
1036	9.9997	0.3787	9.9997	1.7099
1037	9.9997	0.3763	9.9997	1.5900
1038	9.9997	0.3741	9.9997	1.4697
1039	9.9997	0.3717	9.9997	1.3498
1040	9.9997	0.3696	9.9997	1.2198
1041	9.9997	0.3668	9.9997	1.0999
1042	9.9997	0.3647	9.9997	0.9799
1043	9.9997	0.3622	9.9997	0.8600
1044	9.9997	0.3598	9.9997	0.7300
1045	9.9997	0.3580	9.9997	0.6097
1046	9.9997	0.3558	9.9997	0.4898
1047	9.9997	0.3537	9.9997	0.3699
1048	9.9997	0.3519	9.9997	0.2399
1049	9.9997	0.3497	9.9997	0.1199
1050	9.9997	0.3479	9.9997	0.0000
1051	9.9997	0.3458	9.9997	0.0000
1052	9.9997	0.3436	9.9997	0.0000
1053	9.9997	0.3418	9.9997	0.0000
1054	9.9997	0.3397	9.9997	0.0000
1055	9.9997	0.3378	9.9997	0.0000
1056	9.9997	0.3360	9.9997	0.0000
1057	9.9997	0.3342	9.9997	0.0000
1058	9.9997	0.3323	9.9997	0.0000
1059	9.9997	0.3305	9.9997	0.0000
1060	9.9997	0.3287	9.9997	0.0000
1061	9.9997	0.3265	9.9997	0.0000
1062	9.9997	0.3247	9.9997	0.0000
1063	9.9997	0.3229	9.9997	0.0000
1064	9.9997	0.3210	9.9997	0.0000
1065	9.9997	0.3192	9.9997	0.0000
1066	9.9997	0.3171	9.9997	0.0000
1067	9.9997	0.3149	9.9997	0.0000
1068	9.9997	0.3128	9.9997	0.0000
1069	9.9997	0.3107	9.9997	0.0000
1070	9.9997	0.3085	9.9997	0.0000
1071	9.9997	0.3064	9.9997	0.0000
1072	9.9997	0.3043	9.9997	0.0000
1073	9.9997	0.3021	9.9997	0.0000
1074	9.9997	0.3000	9.9997	0.0000
1075	9.9997	0.2972	9.9997	0.0000
1076	9.9997	0.2948	9.9997	0.0000
1077	9.9997	0.2924	9.9997	0.0000
1078	9.9997	0.2899	9.9997	0.0000
1079	9.9997	0.2875	9.9997	0.0000
1080	9.9997	0.2847	9.9997	0.0000
1081	9.9997	0.2820	9.9997	0.0000
1082	9.9997	0.2795	9.9997	0.0000
1083	9.9997	0.2762	9.9997	0.0000
1084	9.9997	0.2728	9.9997	0.0000
1085	9.9997	0.2698	9.9997	0.0000
1086	9.9997	0.2664	9.9997	0.0000
1087	9.9997	0.2631	9.9997	0.0000
1088	9.9997	0.2600	9.9997	0.0000
1089	9.9997	0.2554	9.9997	0.0000
1090	9.9997	0.2509	9.9997	0.0000
1091	9.9997	0.2460	9.9997	0.0000
1092	9.9997	0.2414	9.9997	0.0000
1093	9.9997	0.2353	9.9997	0.0000
1094	9.9997	0.2280	9.9997	0.0000
1095	9.9997	0.2206	9.9997	0.0000
1096	9.9997	0.2112	9.9997	0.0000
1097	9.9997	0.2014	9.9997	0.0000
1098	9.9997	0.1862	9.9997	0.0000
1099	9.9997	0.1639	6.0599	0.0000
1100	9.9997	0.0000	0.0000	0.0000
1101	0.0000	0.0000	0.0000	0.0000
1102	0.0000	0.0000	0.0000	0.0000
1103	0.0000	0.0000	0.0000	0.0000
1104	0.0000	0.0000	0.0000	0.0000
1105	0.0000	0.0000	0.0000	0.0000
1106	0.0000	0.0000	0.0000	0.0000
1107	0.0000	0.0000	0.0000	0.0000
1108	0.0000	0.0000	0.0000	0.0000
1109	0.0000	0.0000	0.0000	0.0000
1110	0.0000	0.0000	0.0000	0.0000
1111	0.0000	0.0000	0.0000	0.0000
1112	0.0000	0.0000	0.0000	0.0000
1113	0.0000	0.0000	0.0000	0.0000
1114	0.0000	0.0000	0.0000	0.0000
1115	0.0000	0.0000	0.0000	0.0000
1116	0.0000	0.0000	0.0000	0.0000
1117	0.0000	0.0000	0.0000	0.0000
1118	0.0000	0.0000	0.0000	0.0000
1119	0.0000	0.0000	0.0000	0.0000
1120	0.0000	0.0000	0.0000	0.0000
1121	0.0000	0.0000	0.0000	0.0000
1122	0.0000	0.0000	0.0000	0.0000
1123	0.0000	0.0000	0.0000	0.0000
1124	0.0000	0.0000	0.0000	0.0000
1125	0.0000	0.0000	0.0000	0.0000
1126	0.0000	0.0000	0.0000	0.0000
1127	0.0000	0.0000	0.0000	0.0000
1128	0.0000	0.0000	0.0000	0.0000
1129	0.0000	0.0000	0.0000	0.0000
1130	0.0000	0.0000	0.0000	0.0000
1131	0.0000	0.0000	0.0000	0.0000
1132	0.0000	0.0000	0.0000	0.0000
1133	0.0000	0.0000	0.0000	0.0000
1134	0.0000	0.0000	0.0000	0.0000
1135	0.0000	0.0000	0.0000	0.0000
1136	0.0000	0.0000	0.0000	0.0000
1137	0.0000	0.0000	0.0000	0.0000
1138	0.0000	0.0000	0.0000	0.0000
1139	0.0000	0.0000	0.0000	0.0000
1140	0.0000	0.0000	0.0000	0.0000
1141	0.0000	0.0000	0.0000	0.0000
1142	0.0000	0.0000	0.0000	0.0000
1143	0.0000	0.0000	0.0000	0.0000
1144	0.0000	0.0000	0.0000	0.0000
1145	0.0000	0.0000	0.0000	0.0000
1146	0.0000	0.0000	0.0000	0.0000
1147	0.0000	0.0000	0.0000	0.0000
1148	0.0000	0.0000	0.0000	0.0000
1149	0.0000	0.0000	0.0000	0.0000
1150	0.0000	0.0000	0.0000	0.0000
1151	0.0000	0.0000	0.0000	0.0000
1152	0.0000	0.0000	0.0000	0.0000
1153	0.0000	0.0000	0.0000	0.0000
1154	0.0000	0.0000	0.0000	0.0000
1155	0.0000	0.0000	0.0000	0.0000
1156	0.0000	0.0000	0.0000	0.0000
1157	0.0000	0.0000	0.0000	0.0000
1158	0.0000	0.0000	0.0000	0.0000
1159	0.0000	0.0000	0.0000	0.0000
1160	0.0000	0.0000	0.0000	0.0000
1161	0.0000	0.0000	0.0000	0.0000
1162	0.0000	0.0000	0.0000	0.0000
1163	0.0000	0.0000	0.0000	0.0000
1164	0.0000	0.0000	0.0000	0.0000
1165	0.0000	0.0000	0.0000	0.0000
1166	0.0000	0.0000	0.0000	0.0000
1167	0.0000	0.0000	0.0000	0.0000
1168	0.0000	0.0000	0.0000	0.0000
1169	0.0000	0.0000	0.0000	0.0000
1170	0.0000	0.0000	0.0000	0.0000
1171	0.0000	0.0000	0.0000	0.0000
1172	0.0000	0.0000	0.0000	0.0000
1173	0.0000	0.0000	0.0000	0.0000
1174	0.0000	0.0000	0.0000	0.0000
1175	0.0000	0.0000	0.0000	0.0000
1176	0.0000	0.0000	0.0000	0.0000
1177	0.0000	0.0000	0.0000	0.0000
1178	0.0000	0.0000	0.0000	0.0000
1179	0.0000	0.0000	0.0000	0.0000
1180	0.0000	0.0000	0.0000	0.0000
1181	0.0000	0.0000	0.0000	0.0000
1182	0.0000	0.0000	0.0000	0.0000
1183	0.0000	0.0000	0.0000	0.0000
1184	0.0000	0.0000	0.0000	0.0000
1185	0.0000	0.0000	0.0000	0.0000
1186	0.0000	0.0000	0.0000	0.0000
1187	0.0000	0.0000	0.0000	0.0000
1188	0.0000	0.0000	0.0000	0.0000
1189	0.0000	0.0000	0.0000	0.0000
1190	0.0000	0.0000	0.0000	0.0000
1191	0.0000	0.0000	0.0000	0.0000
1192	0.0000	0.0000	0.0000	0.0000
1193	0.0000	0.0000	0.0000	0.0000
1194	0.0000	0.0000	0.0000	0.0000
1195	0.0000	0.0000	0.0000	0.0000
1196	0.0000	0.0000	0.0000	0.0000
1197	0.0000	0.0000	0.0000	0.0000
1198	0.0000	0.0000	0.0000	0.0000
1199	0.0000	0.0000	0.0000	0.0000
1200	0.0000	0.0000	0.0000	0.0000
1201	0.0000	0.0000	0.0000	0.0000
1202	0.0000	0.0000	0.0000	0.0000
1203	0.0000	0.0000	0.0000	0.0000
1204	0.0000	0.0000	0.0000	0.0000
1205	0.0000	0.0000	0.0000	0.0000
1206	0.0000	0.0000	0.0000	0.0000
1207	0.0000	0.0000	0.0000	0.0000
1208	0.0000	0.0000	0.0000	0.0000
1209	0.0000	0.0000	0.0000	0.0000
1210	0.0000	0.0000	0.0000	0.0000
1211	0.0000	0.0000	0.0000	0.0000
1212	0.0000	0.0000	0.0000	0.0000
1213	0.0000	0.0000	0.0000	0.0000
1214	0.0000	0.0000	0.0000	0.0000
1215	0.0000	0.0000	0.0000	0.0000
1216	0.0000	0.0000	0.0000	0.0000
1217	0.0000	0.0000	0.0000	0.0000
1218	0.0000	0.0000	0.0000	0.0000
1219	0.0000	0.0000	0.0000	0.0000
1220	0.0000	0.0000	0.0000	0.0000
1221	0.0000	0.0000	0.0000	0.0000
1222	0.0000	0.0000	0.0000	0.0000
1223	0.0000	0.0000	0.0000	0.0000
1224	0.0000	0.0000	0.0000	0.0000
1225	0.0000	0.0000	0.0000	0.0000
1226	0.0000	0.0000	0.0000	0.0000
1227	0.0000	0.0000	0.0000	0.0000
1228	0.0000	0.0000	0.0000	0.0000
1229	0.0000	0.0000	0.0000	0.0000
1230	0.0000	0.0000	0.0000	0.0000
1231	0.0000	0.0000	0.0000	0.0000
1232	0.0000	0.0000	0.0000	0.0000
1233	0.0000	0.0000	0.0000	0.0000
1234	0.0000	0.0000	0.0000	0.0000
1235	0.0000	0.0000	0.0000	0.0000
1236	0.0000	0.0000	0.0000	0.0000
1237	0.0000	0.0000	0.0000	0.0000
1238	0.0000	0.0000	0.0000	0.0000
1239	0.0000	0.0000	0.0000	0.0000
1240	0.0000	0.0000	0.0000	0.0000
1241	0.0000	0.0000	0.0000	0.0000
1242	0.0000	0.0000	0.0000	0.0000
1243	0.0000	0.0000	0.0000	0.0000
1244	0.0000	0.0000	0.0000	0.0000
1245	0.0000	0.0000	0.0000	0.0000
1246	0.0000	0.0000	0.0000	0.0000
1247	0.0000	0.0000	0.0000	0.0000
1248	0.0000	0.0000	0.0000	0.0000
1249	0.0000	0.0000	0.0000	0.0000
1250	0.0000	0.0000	0.0000	0.0000
1251	0.0000	0.0000	0.0000	0.0000
1252	0.0000	0.0000	0.0000	0.0000
1253	0.0000	0.0000	0.0000	0.0000
1254	0.0000	0.0000	0.0000	0.0000
1255	0.0000	0.0000	0.0000	0.0000
1256	0.0000	0.0000	0.0000	0.0000
1257	0.0000	0.0000	0.0000	0.0000
1258	0.0000	0.0000	0.0000	0.0000
1259	0.0000	0.0000	0.0000	0.0000
1260	0.0000	0.0000	0.0000	0.0000
1261	0.0000	0.0000	0.0000	0.0000
1262	0.0000	0.0000	0.0000	0.0000
1263	0.0000	0.0000	0.0000	0.0000
1264	0.0000	0.0000	0.0000	0.0000
1265	0.0000	0.0000	0.0000	0.0000
1266	0.0000	0.0000	0.0000	0.0000
1267	0.0000	0.0000	0.0000	0.0000
1268	0.0000	0.0000	0.0000	0.0000
1269	0.0000	0.0000	0.0000	0.0000
1270	0.0000	0.0000	0.0000	0.0000
1271	0.0000	0.0000	0.0000	0.0000
1272	0.0000	0.0000	0.0000	0.0000
1273	0.0000	0.0000	0.0000	0.0000
1274	0.0000	0.0000	0.0000	0.0000
1275	0.0000	0.0000	0.0000	0.0000
1276	0.0000	0.0000	0.0000	0.0000
1277	0.0000	0.0000	0.0000	0.0000
1278	0.0000	0.0000	0.0000	0.0000
1279	0.0000	0.0000	0.0000	0.0000
1280	0.0000	0.0000	0.0000	0.0000
1281	0.0000	0.0000	0.0000	0.0000
1282	0.0000	0.0000	0.0000	0.0000
1283	0.0000	0.0000	0.0000	0.0000
1284	0.0000	0.0000	0.0000	0.0000
1285	0.0000	0.0000	0.0000	0.0000
1286	0.0000	0.0000	0.0000	0.0000
1287	0.0000	0.0000	0.0000	0.0000
1288	0.0000	0.0000	0.0000	0.0000
1289	0.0000	0.0000	0.0000	0.0000
1290	0.0000	0.0000	0.0000	0.0000
1291	0.0000	0.0000	0.0000	0.0000
1292	0.0000	0.0000	0.0000	0.0000
1293	0.0000	0.0000	0.0000	0.0000
1294	0.0000	0.0000	0.0000	0.0000
1295	0.0000	0.0000	0.0000	0.0000
1296	0.0000	0.0000	0.0000	0.0000
1297	0.0000	0.0000	0.0000	0.0000
1298	0.0000	0.0000	0.0000	0.0000
1299	0.0000	0.0000	0.0000	0.0000
1300	0.0000	0.0000	0.0000	0.0000
1301	0.0000	0.0000	0.0000	0.0000
1302	0.0000	0.0000	0.0000	0.0000
1303	0.0000	0.0000	0.0000	0.0000
1304	0.0000	0.0000	0.0000	0.0000
1305	0.0000	0.0000	0.0000	0.0000
1306	0.0000	0.0000	0.0000	0.0000
1307	0.0000	0.0000	0.0000	0.0000
1308	0.0000	0.0000	0.0000	0.0000
1309	0.0000	0.0000	0.0000	0.0000
1310	0.0000	0.0000	0.0000	0.0000
1311	0.0000	0.0000	0.0000	0.0000
1312	0.0000	0.0000	0.0000	0.0000
1313	0.0000	0.0000	0.0000	0.0000
1314	0.0000	0.0000	0.0000	0.0000
1315	0.0000	0.0000	0.0000	0.0000
1316	0.0000	0.0000	0.0000	0.0000
1317	0.0000	0.0000	0.0000	0.0000
1318	0.0000	0.0000	0.0000	0.0000
1319	0.0000	0.0000	0.0000	0.0000
1320	0.0000	0.0000	0.0000	0.0000
1321	0.0000	0.0000	0.0000	0.0000
1322	0.0000	0.0000	0.0000	0.0000
1323	0.0000	0.0000	0.0000	0.0000
1324	0.0000	0.0000	0.0000	0.0000
1325	0.0000	0.0000	0.0000	0.0000
1326	0.0000	0.0000	0.0000	0.0000
1327	0.0000	0.0000	0.0000	0.0000
1328	0.0000	0.0000	0.0000	0.0000
1329	0.0000	0.0000	0.0000	0.0000
1330	0.0000	0.0000	0.0000	0.0000
1331	0.0000	0.0000	0.0000	0.0000
1332	0.0000	0.0000	0.0000	0.0000
1333	0.0000	0.0000	0.0000	0.0000
1334	0.0000	0.0000	0.0000	0.0000
1335	0.0000	0.0000	0.0000	0.0000
1336	0.0000	0.0000	0.0000	0.0000
1337	0.0000	0.0000	0.0000	0.0000
1338	0.0000	0.0000	0.0000	0.0000
1339	0.0000	0.0000	0.0000	0.0000
1340	0.0000	0.0000	0.0000	0.0000
1341	0.0000	0.0000	0.0000	0.0000
1342	0.0000	0.0000	0.0000	0.0000
1343	0.0000	0.0000	0.0000	0.0000
1344	0.0000	0.0000	0.0000	0.0000
1345	0.0000	0.0000	0.0000	0.0000
1346	0.0000	0.0000	0.0000	0.0000
1347	0.0000	0.0000	0.0000	0.0000
1348	0.0000	0.0000	0.0000	0.0000
1349	0.0000	0.0000	0.0000	0.0000
1350	0.0000	0.0000	0.0000	0.0000
1351	0.0000	0.0000	0.0000	0.0000
1352	0.0000	0.0000	0.0000	0.0000
1353	0.0000	0.0000	0.0000	0.0000
1354	0.0000	0.0000	0.0000	0.0000
1355	0.0000	0.0000	0.0000	0.0000
1356	0.0000	0.0000	0.0000	0.0000
1357	0.0000	0.0000	0.0000	0.0000
1358	0.0000	0.0000	0.0000	0.0000
1359	0.0000	0.0000	0.0000	0.0000
1360	0.0000	0.0000	0.0000	0.0000
1361	0.0000	0.0000	0.0000	0.0000
1362	0.0000	0.0000	0.0000	0.0000
1363	0.0000	0.0000	0.0000	0.0000
1364	0.0000	0.0000	0.0000	0.0000
1365	0.0000	0.0000	0.0000	0.0000
1366	0.0000	0.0000	0.0000	0.0000
1367	0.0000	0.0000	0.0000	0.0000
1368	0.0000	0.0000	0.0000	0.0000
1369	0.0000	0.0000	0.0000	0.0000
1370	0.0000	0.0000	0.0000	0.0000
1371	0.0000	0.0000	0.0000	0.0000
1372	0.0000	0.0000	0.0000	0.0000
1373	0.0000	0.0000	0.0000	0.0000
1374	0.0000	0.0000	0.0000	0.0000
1375	0.0000	0.0000	0.0000	0.0000
1376	0.0000	0.0000	0.0000	0.0000
1377	0.0000	0.0000	0.0000	0.0000
1378	0.0000	0.0000	0.0000	0.0000
1379	0.0000	0.0000	0.0000	0.0000
1380	0.0000	0.0000	0.0000	0.0000
1381	0.0000	0.0000	0.0000	0.0000
1382	0.0000	0.0000	0.0000	0.0000
1383	0.0000	0.0000	0.0000	0.0000
1384	0.0000	0.0000	0.0000	0.0000
1385	0.0000	0.0000	0.0000	0.0000
1386	0.0000	0.0000	0.0000	0.0000
1387	0.0000	0.0000	0.0000	0.0000
1388	0.0000	0.0000	0.0000	0.0000
1389	0.0000	0.0000	0.0000	0.0000
1390	0.0000	0.0000	0.0000	0.0000
1391	0.0000	0.0000	0.0000	0.0000
1392	0.0000	0.0000	0.0000	0.0000
1393	0.0000	0.0000	0.0000	0.0000
1394	0.0000	0.0000	0.0000	0.0000
1395	0.0000	0.0000	0.0000	0.0000
1396	0.0000	0.0000	0.0000	0.0000
1397	0.0000	0.0000	0.0000	0.0000
1398	0.0000	0.0000	0.0000	0.0000
1399	0.0000	0.0000	0.0000	0.0000
1400	0.0000	0.0000	0.0000	0.0000
1401	0.0000	0.0000	0.0000	0.0000
1402	0.0000	0.0000	0.0000	0.0000
1403	0.0000	0.0000	0.0000	0.0000
1404	0.0000	0.0000	0.0000	0.0000
1405	0.0000	0.0000	0.0000	0.0000
1406	0.0000	0.0000	0.0000	0.0000
1407	0.0000	0.0000	0.0000	0.0000
1408	0.0000	0.0000	0.0000	0.0000
1409	0.0000	0.0000	0.0000	0.0000
1410	0.0000	0.0000	0.0000	0.0000
1411	0.0000	0.0000	0.0000	0.0000
1412	0.0000	0.0000	0.0000	0.0000
1413	0.0000	0.0000	0.0000	0.0000
1414	0.0000	0.0000	0.0000	0.0000
1415	0.0000	0.0000	0.0000	0.0000
1416	0.0000	0.0000	0.0000	0.0000
1417	0.0000	0.0000	0.0000	0.0000
1418	0.0000	0.0000	0.0000	0.0000
1419	0.0000	0.0000	0.0000	0.0000
1420	0.0000	0.0000	0.0000	0.0000
1421	0.0000	0.0000	0.0000	0.0000
1422	0.0000	0.0000	0.0000	0.0000
1423	0.0000	0.0000	0.0000	0.0000
1424	0.0000	0.0000	0.0000	0.0000
1425	0.0000	0.0000	0.0000	0.0000
1426	0.0000	0.0000	0.0000	0.0000
1427	0.0000	0.0000	0.0000	0.0000
1428	0.0000	0.0000	0.0000	0.0000
1429	0.0000	0.0000	0.0000	0.0000
1430	0.0000	0.0000	0.0000	0.0000
1431	0.0000	0.0000	0.0000	0.0000
1432	0.0000	0.0000	0.0000	0.0000
1433	0.0000	0.0000	0.0000	0.0000
1434	0.0000	0.0000	0.0000	0.0000
1435	0.0000	0.0000	0.0000	0.0000
1436	0.0000	0.0000	0.0000	0.0000
1437	0.0000	0.0000	0.0000	0.0000
1438	0.0000	0.0000	0.0000	0.0000
1439	0.0000	0.0000	0.0000	0.0000
1440	0.0000	0.0000	0.0000	0.0000
1441	0.0000	0.0000	0.0000	0.0000
1442	0.0000	0.0000	0.0000	0.0000
1443	0.0000	0.0000	0.0000	0.0000
1444	0.0000	0.0000	0.0000	0.0000
1445	0.0000	0.0000	0.0000	0.0000
1446	0.0000	0.0000	0.0000	0.0000
1447	0.0000	0.0000	0.0000	0.0000
1448	0.0000	0.0000	0.0000	0.0000
1449	0.0000	0.0000	0.0000	0.0000
1450	0.0000	0.0000	0.0000	0.0000
1451	0.0000	0.0000	0.0000	0.0000
1452	0.0000	0.0000	0.0000	0.0000
1453	0.0000	0.0000	0.0000	0.0000
1454	0.0000	0.0000	0.0000	0.0000
1455	0.0000	0.0000	0.0000	0.0000
1456	0.0000	0.0000	0.0000	0.0000
1457	0.0000	0.0000	0.0000	0.0000
1458	0.0000	0.0000	0.0000	0.0000
1459	0.0000	0.0000	0.0000	0.0000
1460	0.0000	0.0000	0.0000	0.0000
1461	0.0000	0.0000	0.0000	0.0000
1462	0.0000	0.0000	0.0000	0.0000
1463	0.0000	0.0000	0.0000	0.0000
1464	0.0000	0.0000	0.0000	0.0000
1465	0.0000	0.0000	0.0000	0.0000
1466	0.0000	0.0000	0.0000	0.0000
1467	0.0000	0.0000	0.0000	0.0000
1468	0.0000	0.0000	0.0000	0.0000
1469	0.0000	0.0000	0.0000	0.0000
1470	0.0000	0.0000	0.0000	0.0000
1471	0.0000	0.0000	0.0000	0.0000
1472	0.0000	0.0000	0.0000	0.0000
1473	0.0000	0.0000	0.0000	0.0000
1474	0.0000	0.0000	0.0000	0.0000
1475	0.0000	0.0000	0.0000	0.0000
1476	0.0000	0.0000	0.0000	0.0000
1477	0.0000	0.0000	0.0000	0.0000
1478	0.0000	0.0000	0.0000	0.0000
1479	0.0000	0.0000	0.0000	0.0000
1480	0.0000	0.0000	0.0000	0.0000
1481	0.0000	0.0000	0.0000	0.0000
1482	0.0000	0.0000	0.0000	0.0000
1483	0.0000	0.0000	0.0000	0.0000
1484	0.0000	0.0000	0.0000	0.0000
1485	0.0000	0.0000	0.0000	0.0000
1486	0.0000	0.0000	0.0000	0.0000
1487	0.0000	0.0000	0.0000	0.0000
1488	0.0000	0.0000	0.0000	0.0000
1489	0.0000	0.0000	0.0000	0.0000
1490	0.0000	0.0000	0.0000	0.0000
1491	0.0000	0.0000	0.0000	0.0000
1492	0.0000	0.0000	0.0000	0.0000
1493	0.0000	0.0000	0.0000	0.0000
1494	0.0000	0.0000	0.0000	0.0000
1495	0.0000	0.0000	0.0000	0.0000
1496	0.0000	0.0000	0.0000	0.0000
1497	0.0000	0.0000	0.0000	0.0000
1498	0.0000	0.0000	0.0000	0.0000
1499	0.0000	0.0000	0.0000	0.0000
1500	0.0000	0.0000	0.0000	0.0000
1501	0.0000	0.0000	0.0000	0.0000
1502	0.0000	0.0000	0.0000	0.0000
1503	0.0000	0.0000	0.0000	0.0000
1504	0.0000	0.0000	0.0000	0.0000
1505	0.0000	0.0000	0.0000	0.0000
1506	0.0000	0.0000	0.0000	0.0000
1507	0.0000	0.0000	0.0000	0.0000
1508	0.0000	0.0000	0.0000	0.0000
1509	0.0000	0.0000	0.0000	0.0000
1510	0.0000	0.0000	0.0000	0.0000
1511	0.0000	0.0000	0.0000	0.0000
1512	0.0000	0.0000	0.0000	0.0000
1513	0.0000	0.0000	0.0000	0.0000
1514	0.0000	0.0000	0.0000	0.0000
1515	0.0000	0.0000	0.0000	0.0000
1516	0.0000	0.0000	0.0000	0.0000
1517	0.0000	0.0000	0.0000	0.0000
1518	0.0000	0.0000	0.0000	0.0000
1519	0.0000	0.0000	0.0000	0.0000
1520	0.0000	0.0000	0.0000	0.0000
1521	0.0000	0.0000	0.0000	0.0000
1522	0.0000	0.0000	0.0000	0.0000
1523	0.0000	0.0000	0.0000	0.0000
1524	0.0000	0.0000	0.0000	0.0000
1525	0.0000	0.0000	0.0000	0.0000
1526	0.0000	0.0000	0.0000	0.0000
1527	0.0000	0.0000	0.0000	0.0000
1528	0.0000	0.0000	0.0000	0.0000
1529	0.0000	0.0000	0.0000	0.0000
1530	0.0000	0.0000	0.0000	0.0000
1531	0.0000	0.0000	0.0000	0.0000
1532	0.0000	0.0000	0.0000	0.0000
1533	0.0000	0.0000	0.0000	0.0000
1534	0.0000	0.0000	0.0000	0.0000
1535	0.0000	0.0000	0.0000	0.0000
1536	0.0000	0.0000	0.0000	0.0000
1537	0.0000	0.0000	0.0000	0.0000
1538	0.0000	0.0000	0.0000	0.0000
1539	0.0000	0.0000	0.0000	0.0000
1540	0.0000	0.0000	0.0000	0.0000
1541	0.0000	0.0000	0.0000	0.0000
1542	0.0000	0.0000	0.0000	0.0000
1543	0.0000	0.0000	0.0000	0.0000
1544	0.0000	0.0000	0.0000	0.0000
1545	0.0000	0.0000	0.0000	0.0000
1546	0.0000	0.0000	0.0000	0.0000
1547	0.0000	0.0000	0.0000	0.0000
1548	0.0000	0.0000	0.0000	0.0000
1549	0.0000	0.0000	0.0000	0.0000
1550	0.0000	0.0000	0.0000	0.0000
1551	0.0000	0.0000	0.0000	0.0000
1552	0.0000	0.0000	0.0000	0.0000
1553	0.0000	0.0000	0.0000	0.0000
1554	0.0000	0.0000	0.0000	0.0000
1555	0.0000	0.0000	0.0000	0.0000
1556	0.0000	0.0000	0.0000	0.0000
1557	0.0000	0.0000	0.0000	0.0000
1558	0.0000	0.0000	0.0000	0.0000
1559	0.0000	0.0000	0.0000	0.0000
1560	0.0000	0.0000	0.0000	0.0000
1561	0.0000	0.0000	0.0000	0.0000
1562	0.0000	0.0000	0.0000	0.0000
1563	0.0000	0.0000	0.0000	0.0000
1564	0.0000	0.0000	0.0000	0.0000
1565	0.0000	0.0000	0.0000	0.0000
1566	0.0000	0.0000	0.0000	0.0000
1567	0.0000	0.0000	0.0000	0.0000
1568	0.0000	0.0000	0.0000	0.0000
1569	0.0000	0.0000	0.0000	0.0000
1570	0.0000	0.0000	0.0000	0.0000
1571	0.0000	0.0000	0.0000	0.0000
1572	0.0000	0.0000	0.0000	0.0000
1573	0.0000	0.0000	0.0000	0.0000
1574	0.0000	0.0000	0.0000	0.0000
1575	0.0000	0.0000	0.0000	0.0000
1576	0.0000	0.0000	0.0000	0.0000
1577	0.0000	0.0000	0.0000	0.0000
1578	0.0000	0.0000	0.0000	0.0000
1579	0.0000	0.0000	0.0000	0.0000
1580	0.0000	0.0000	0.0000	0.0000
1581	0.0000	0.0000	0.0000	0.0000
1582	0.0000	0.0000	0.0000	0.0000
1583	0.0000	0.0000	0.0000	0.0000
1584	0.0000	0.0000	0.0000	0.0000
1585	0.0000	0.0000	0.0000	0.0000
1586	0.0000	0.0000	0.0000	0.0000
1587	0.0000	0.0000	0.0000	0.0000
1588	0.0000	0.0000	0.0000	0.0000
1589	0.0000	0.0000	0.0000	0.0000
1590	0.0000	0.0000	0.0000	0.0000
1591	0.0000	0.0000	0.0000	0.0000
1592	0.0000	0.0000	0.0000	0.0000
1593	0.0000	0.0000	0.0000	0.0000
1594	0.0000	0.0000	0.0000	0.0000
1595	0.0000	0.0000	0.0000	0.0000
1596	0.0000	0.0000	0.0000	0.0000
1597	0.0000	0.0000	0.0000	0.0000
1598	0.0000	0.0000	0.0000	0.0000
1599	0.0000	0.0000	0.0000	0.0000
1600	0.0000	0.0000	0.0000	0.0000
1601	0.0000	0.0000	0.0000	0.0000
1602	0.0000	0.0000	0.0000	0.0000
1603	0.0000	0.0000	0.0000	0.0000
1604	0.0000	0.0000	0.0000	0.0000
1605	0.0000	0.0000	0.0000	0.0000
1606	0.0000	0.0000	0.0000	0.0000
1607	0.0000	0.0000	0.0000	0.0000
1608	0.0000	0.0000	0.0000	0.0000
1609	0.0000	0.0000	0.0000	0.0000
1610	0.0000	0.0000	0.0000	0.0000
1611	0.0000	0.0000	0.0000	0.0000
1612	0.0000	0.0000	0.0000	0.0000
1613	0.0000	0.0000	0.0000	0.0000
1614	0.0000	0.0000	0.0000	0.0000
1615	0.0000	0.0000	0.0000	0.0000
1616	0.0000	0.0000	0.0000	0.0000
1617	0.0000	0.0000	0.0000	0.0000
1618	0.0000	0.0000	0.0000	0.0000
1619	0.0000	0.0000	0.0000	0.0000
1620	0.0000	0.0000	0.0000	0.0000
1621	0.0000	0.0000	0.0000	0.0000
1622	0.0000	0.0000	0.0000	0.0000
1623	0.0000	0.0000	0.0000	0.0000
1624	0.0000	0.0000	0.0000	0.0000
1625	0.0000	0.0000	0.0000	0.0000
1626	0.0000	0.0000	0.0000	0.0000
1627	0.0000	0.0000	0.0000	0.0000
1628	0.0000	0.0000	0.0000	0.0000
1629	0.0000	0.0000	0.0000	0.0000
1630	0.0000	0.0000	0.0000	0.0000
1631	0.0000	0.0000	0.0000	0.0000
1632	0.0000	0.0000	0.0000	0.0000
1633	0.0000	0.0000	0.0000	0.0000
1634	0.0000	0.0000	0.0000	0.0000
1635	0.0000	0.0000	0.0000	0.0000
1636	0.0000	0.0000	0.0000	0.0000
1637	0.0000	0.0000	0.0000	0.0000
1638	0.0000	0.0000	0.0000	0.0000
1639	0.0000	0.0000	0.0000	0.0000
1640	0.0000	0.0000	0.0000	0.0000
1641	0.0000	0.0000	0.0000	0.0000
1642	0.0000	0.0000	0.0000	0.0000
1643	0.0000	0.0000	0.0000	0.0000
1644	0.0000	0.0000	0.0000	0.0000
1645	0.0000	0.0000	0.0000	0.0000
1646	0.0000	0.0000	0.0000	0.0000
1647	0.0000	0.0000	0.0000	0.0000
1648	0.0000	0.0000	0.0000	0.0000
1649	0.0000	0.0000	0.0000	0.0000
1650	0.0000	0.0000	0.0000	0.0000
1651	0.0000	0.0000	0.0000	0.0000
1652	0.0000	0.0000	0.0000	0.0000
1653	0.0000	0.0000	0.0000	0.0000
1654	0.0000	0.0000	0.0000	0.0000
1655	0.0000	0.0000	0.0000	0.0000
1656	0.0000	0.0000	0.0000	0.0000
1657	0.0000	0.0000	0.0000	0.0000
1658	0.0000	0.0000	0.0000	0.0000
1659	0.0000	0.0000	0.0000	0.0000
1660	0.0000	0.0000	0.0000	0.0000
1661	0.0000	0.0000	0.0000	0.0000
1662	0.0000	0.0000	0.0000	0.0000
1663	0.0000	0.0000	0.0000	0.0000
1664	0.0000	0.0000	0.0000	0.0000
1665	0.0000	0.0000	0.0000	0.0000
1666	0.0000	0.0000	0.0000	0.0000
1667	0.0000	0.0000	0.0000	0.0000
1668	0.0000	0.0000	0.0000	0.0000
1669	0.0000	0.0000	0.0000	0.0000
1670	0.0000	0.0000	0.0000	0.0000
1671	0.0000	0.0000	0.0000	0.0000
1672	0.0000	0.0000	0.0000	0.0000
1673	0.0000	0.0000	0.0000	0.0000
1674	0.0000	0.0000	0.0000	0.0000
1675	0.0000	0.0000	0.0000	0.0000
1676	0.0000	0.0000	0.0000	0.0000
1677	0.0000	0.0000	0.0000	0.0000
1678	0.0000	0.0000	0.0000	0.0000
1679	0.0000	0.0000	0.0000	0.0000
1680	0.0000	0.0000	0.0000	0.0000
1681	0.0000	0.0000	0.0000	0.0000
1682	0.0000	0.0000	0.0000	0.0000
1683	0.0000	0.0000	0.0000	0.0000
1684	0.0000	0.0000	0.0000	0.0000
1685	0.0000	0.0000	0.0000	0.0000
1686	0.0000	0.0000	0.0000	0.0000
1687	0.0000	0.0000	0.0000	0.0000
1688	0.0000	0.0000	0.0000	0.0000
1689	0.0000	0.0000	0.0000	0.0000
1690	0.0000	0.0000	0.0000	0.0000
1691	0.0000	0.0000	0.0000	0.0000
1692	0.0000	0.0000	0.0000	0.0000
1693	0.0000	0.0000	0.0000	0.0000
1694	0.0000	0.0000	0.0000	0.0000
1695	0.0000	0.0000	0.0000	0.0000
1696	0.0000	0.0000	0.0000	0.0000
1697	0.0000	0.0000	0.0000	0.0000
1698	0.0000	0.0000	0.0000	0.0000
1699	0.0000	0.0000	0.0000	0.0000
1700	0.0000	0.0000	0.0000	0.0000
1701	0.0000	0.0000	0.0000	0.0000
1702	0.0000	0.0000	0.0000	0.0000
1703	0.0000	0.0000	0.0000	0.0000
1704	0.0000	0.0000	0.0000	0.0000
1705	0.0000	0.0000	0.0000	0.0000
1706	0.0000	0.0000	0.0000	0.0000
1707	0.0000	0.0000	0.0000	0.0000
1708	0.0000	0.0000	0.0000	0.0000
1709	0.0000	0.0000	0.0000	0.0000
1710	0.0000	0.0000	0.0000	0.0000
1711	0.0000	0.0000	0.0000	0.0000
1712	0.0000	0.0000	0.0000	0.0000
1713	0.0000	0.0000	0.0000	0.0000
1714	0.0000	0.0000	0.0000	0.0000
1715	0.0000	0.0000	0.0000	0.0000
1716	0.0000	0.0000	0.0000	0.0000
1717	0.0000	0.0000	0.0000	0.0000
1718	0.0000	0.0000	0.0000	0.0000
1719	0.0000	0.0000	0.0000	0.0000
1720	0.0000	0.0000	0.0000	0.0000
1721	0.0000	0.0000	0.0000	0.0000
1722	0.0000	0.0000	0.0000	0.0000
1723	0.0000	0.0000	0.0000	0.0000
1724	0.0000	0.0000	0.0000	0.0000
1725	0.0000	0.0000	0.0000	0.0000
1726	0.0000	0.0000	0.0000	0.0000
1727	0.0000	0.0000	0.0000	0.0000
1728	0.0000	0.0000	0.0000	0.0000
1729	0.0000	0.0000	0.0000	0.0000
1730	0.0000	0.0000	0.0000	0.0000
1731	0.0000	0.0000	0.0000	0.0000
1732	0.0000	0.0000	0.0000	0.0000
1733	0.0000	0.0000	0.0000	0.0000
1734	0.0000	0.0000	0.0000	0.0000
1735	0.0000	0.0000	0.0000	0.0000
1736	0.0000	0.0000	0.0000	0.0000
1737	0.0000	0.0000	0.0000	0.0000
1738	0.0000	0.0000	0.0000	0.0000
1739	0.0000	0.0000	0.0000	0.0000
1740	0.0000	0.0000	0.0000	0.0000
1741	0.0000	0.0000	0.0000	0.0000
1742	0.0000	0.0000	0.0000	0.0000
1743	0.0000	0.0000	0.0000	0.0000
1744	0.0000	0.0000	0.0000	0.0000
1745	0.0000	0.0000	0.0000	0.0000
1746	0.0000	0.0000	0.0000	0.0000
1747	0.0000	0.0000	0.0000	0.0000
1748	0.0000	0.0000	0.0000	0.0000
1749	0.0000	0.0000	0.0000	0.0000
1750	0.0000	0.0000	0.0000	0.0000
1751	0.0000	0.0000	0.0000	0.0000
1752	0.0000	0.0000	0.0000	0.0000
1753	0.0000	0.0000	0.0000	0.0000
1754	0.0000	0.0000	0.0000	0.0000
1755	0.0000	0.0000	0.0000	0.0000
1756	0.0000	0.0000	0.0000	0.0000
1757	0.0000	0.0000	0.0000	0.0000
1758	0.0000	0.0000	0.0000	0.0000
1759	0.0000	0.0000	0.0000	0.0000
1760	0.0000	0.0000	0.0000	0.0000
1761	0.0000	0.0000	0.0000	0.0000
1762	0.0000	0.0000	0.0000	0.0000
1763	0.0000	0.0000	0.0000	0.0000
1764	0.0000	0.0000	0.0000	0.0000
1765	0.0000	0.0000	0.0000	0.0000
1766	0.0000	0.0000	0.0000	0.0000
1767	0.0000	0.0000	0.0000	0.0000
1768	0.0000	0.0000	0.0000	0.0000
1769	0.0000	0.0000	0.0000	0.0000
1770	0.0000	0.0000	0.0000	0.0000
1771	0.0000	0.0000	0.0000	0.0000
1772	0.0000	0.0000	0.0000	0.0000
1773	0.0000	0.0000	0.0000	0.0000
1774	0.0000	0.0000	0.0000	0.0000
1775	0.0000	0.0000	0.0000	0.0000
1776	0.0000	0.0000	0.0000	0.0000
1777	0.0000	0.0000	0.0000	0.0000
1778	0.0000	0.0000	0.0000	0.0000
1779	0.0000	0.0000	0.0000	0.0000
1780	0.0000	0.0000	0.0000	0.0000
1781	0.0000	0.0000	0.0000	0.0000
1782	0.0000	0.0000	0.0000	0.0000
1783	0.0000	0.0000	0.0000	0.0000
1784	0.0000	0.0000	0.0000	0.0000
1785	0.0000	0.0000	0.0000	0.0000
1786	0.0000	0.0000	0.0000	0.0000
1787	0.0000	0.0000	0.0000	0.0000
1788	0.0000	0.0000	0.0000	0.0000
1789	0.0000	0.0000	0.0000	0.0000
1790	0.0000	0.0000	0.0000	0.0000
1791	0.0000	0.0000	0.0000	0.0000
1792	0.0000	0.0000	0.0000	0.0000
1793	0.0000	0.0000	0.0000	0.0000
1794	0.0000	0.0000	0.0000	0.0000
1795	0.0000	0.0000	0.0000	0.0000
1796	0.0000	0.0000	0.0000	0.0000
1797	0.0000	0.0000	0.0000	0.0000
1798	0.0000	0.0000	0.0000	0.0000
1799	0.0000	0.0000	0.0000	0.0000
1800	0.0000	0.0000	0.0000	0.0000
1801	0.0000	0.0000	0.0000	0.0000
1802	0.0000	0.0000	0.0000	0.0000
1803	0.0000	0.0000	0.0000	0.0000
1804	0.0000	0.0000	0.0000	0.0000
1805	0.0000	0.0000	0.0000	0.0000
1806	0.0000	0.0000	0.0000	0.0000
1807	0.0000	0.0000	0.0000	0.0000
1808	0.0000	0.0000	0.0000	0.0000
1809	0.0000	0.0000	0.0000	0.0000
1810	0.0000	0.0000	0.0000	0.0000
1811	0.0000	0.0000	0.0000	0.0000
1812	0.0000	0.0000	0.0000	0.0000
1813	0.0000	0.0000	0.0000	0.0000
1814	0.0000	0.0000	0.0000	0.0000
1815	0.0000	0.0000	0.0000	0.0000
1816	0.0000	0.0000	0.0000	0.0000
1817	0.0000	0.0000	0.0000	0.0000
1818	0.0000	0.0000	0.0000	0.0000
1819	0.0000	0.0000	0.0000	0.0000
1820	0.0000	0.0000	0.0000	0.0000
1821	0.0000	0.0000	0.0000	0.0000
1822	0.0000	0.0000	0.0000	0.0000
1823	0.0000	0.0000	0.0000	0.0000
1824	0.0000	0.0000	0.0000	0.0000
1825	0.0000	0.0000	0.0000	0.0000
1826	0.0000	0.0000	0.0000	0.0000
1827	0.0000	0.0000	0.0000	0.0000
1828	0.0000	0.0000	0.0000	0.0000
1829	0.0000	0.0000	0.0000	0.0000
1830	0.0000	0.0000	0.0000	0.0000
1831	0.0000	0.0000	0.0000	0.0000
1832	0.0000	0.0000	0.0000	0.0000
1833	0.0000	0.0000	0.0000	0.0000
1834	0.0000	0.0000	0.0000	0.0000
1835	0.0000	0.0000	0.0000	0.0000
1836	0.0000	0.0000	0.0000	0.0000
1837	0.0000	0.0000	0.0000	0.0000
1838	0.0000	0.0000	0.0000	0.0000
1839	0.0000	0.0000	0.0000	0.0000
1840	0.0000	0.0000	0.0000	0.0000
1841	0.0000	0.0000	0.0000	0.0000
1842	0.0000	0.0000	0.0000	0.0000
1843	0.0000	0.0000	0.0000	0.0000
1844	0.0000	0.0000	0.0000	0.0000
1845	0.0000	0.0000	0.0000	0.0000
1846	0.0000	0.0000	0.0000	0.0000
1847	0.0000	0.0000	0.0000	0.0000
1848	0.0000	0.0000	0.0000	0.0000
1849	0.0000	0.0000	0.0000	0.0000
1850	0.0000	0.0000	0.0000	0.0000
1851	0.0000	0.0000	0.0000	0.0000
1852	0.0000	0.0000	0.0000	0.0000
1853	0.0000	0.0000	0.0000	0.0000
1854	0.0000	0.0000	0.0000	0.0000
1855	0.0000	0.0000	0.0000	0.0000
1856	0.0000	0.0000	0.0000	0.0000
1857	0.0000	0.0000	0.0000	0.0000
1858	0.0000	0.0000	0.0000	0.0000
1859	0.0000	0.0000	0.0000	0.0000
1860	0.0000	0.0000	0.0000	0.0000
1861	0.0000	0.0000	0.0000	0.0000
1862	0.0000	0.0000	0.0000	0.0000
1863	0.0000	0.0000	0.0000	0.0000
1864	0.0000	0.0000	0.0000	0.0000
1865	0.0000	0.0000	0.0000	0.0000
1866	0.0000	0.0000	0.0000	0.0000
1867	0.0000	0.0000	0.0000	0.0000
1868	0.0000	0.0000	0.0000	0.0000
1869	0.0000	0.0000	0.0000	0.0000
1870	0.0000	0.0000	0.0000	0.0000
1871	0.0000	0.0000	0.0000	0.0000
1872	0.0000	0.0000	0.0000	0.0000
1873	0.0000	0.0000	0.0000	0.0000
1874	0.0000	0.0000	0.0000	0.0000
1875	0.0000	0.0000	0.0000	0.0000
1876	0.0000	0.0000	0.0000	0.0000
1877	0.0000	0.0000	0.0000	0.0000
1878	0.0000	0.0000	0.0000	0.0000
1879	0.0000	0.0000	0.0000	0.0000
1880	0.0000	0.0000	0.0000	0.0000
1881	0.0000	0.0000	0.0000	0.0000
1882	0.0000	0.0000	0.0000	0.0000
1883	0.0000	0.0000	0.0000	0.0000
1884	0.0000	0.0000	0.0000	0.0000
1885	0.0000	0.0000	0.0000	0.0000
1886	0.0000	0.0000	0.0000	0.0000
1887	0.0000	0.0000	0.0000	0.0000
1888	0.0000	0.0000	0.0000	0.0000
1889	0.0000	0.0000	0.0000	0.0000
1890	0.0000	0.0000	0.0000	0.0000
1891	0.0000	0.0000	0.0000	0.0000
1892	0.0000	0.0000	0.0000	0.0000
1893	0.0000	0.0000	0.0000	0.0000
1894	0.0000	0.0000	0.0000	0.0000
1895	0.0000	0.0000	0.0000	0.0000
1896	0.0000	0.0000	0.0000	0.0000
1897	0.0000	0.0000	0.0000	0.0000
1898	0.0000	0.0000	0.0000	0.0000
1899	0.0000	0.0000	0.0000	0.0000
1900	0.0000	0.0000	0.0000	0.0000
1901	0.0000	0.0000	0.0000	0.0000
1902	0.0000	0.0000	0.0000	0.0000
1903	0.0000	0.0000	0.0000	0.0000
1904	0.0000	0.0000	0.0000	0.0000
1905	0.0000	0.0000	0.0000	0.0000
1906	0.0000	0.0000	0.0000	0.0000
1907	0.0000	0.0000	0.0000	0.0000
1908	0.0000	0.0000	0.0000	0.0000
1909	0.0000	0.0000	0.0000	0.0000
1910	0.0000	0.0000	0.0000	0.0000
1911	0.0000	0.0000	0.0000	0.0000
1912	0.0000	0.0000	0.0000	0.0000
1913	0.0000	0.0000	0.0000	0.0000
1914	0.0000	0.0000	0.0000	0.0000
1915	0.0000	0.0000	0.0000	0.0000
1916	0.0000	0.0000	0.0000	0.0000
1917	0.0000	0.0000	0.0000	0.0000
1918	0.0000	0.0000	0.0000	0.0000
1919	0.0000	0.0000	0.0000	0.0000
1920	0.0000	0.0000	0.0000	0.0000
1921	0.0000	0.0000	0.0000	0.0000
1922	0.0000	0.0000	0.0000	0.0000
1923	0.0000	0.0000	0.0000	0.0000
1924	0.0000	0.0000	0.0000	0.0000
1925	0.0000	0.0000	0.0000	0.0000
1926	0.0000	0.0000	0.0000	0.0000
1927	0.0000	0.0000	0.0000	0.0000
1928	0.0000	0.0000	0.0000	0.0000
1929	0.0000	0.0000	0.0000	0.0000
1930	0.0000	0.0000	0.0000	0.0000
1931	0.0000	0.0000	0.0000	0.0000
1932	0.0000	0.0000	0.0000	0.0000
1933	0.0000	0.0000	0.0000	0.0000
1934	0.0000	0.0000	0.0000	0.0000
1935	0.0000	0.0000	0.0000	0.0000
1936	0.0000	0.0000	0.0000	0.0000
1937	0.0000	0.0000	0.0000	0.0000
1938	0.0000	0.0000	0.0000	0.0000
1939	0.0000	0.0000	0.0000	0.0000
1940	0.0000	0.0000	0.0000	0.0000
1941	0.0000	0.0000	0.0000	0.0000
1942	0.0000	0.0000	0.0000	0.0000
1943	0.0000	0.0000	0.0000	0.0000
1944	0.0000	0.0000	0.0000	0.0000
1945	0.0000	0.0000	0.0000	0.0000
1946	0.0000	0.0000	0.0000	0.0000
1947	0.0000	0.0000	0.0000	0.0000
1948	0.0000	0.0000	0.0000	0.0000
1949	0.0000	0.0000	0.0000	0.0000
1950	0.0000	0.0000	0.0000	0.0000
1951	0.0000	0.0000	0.0000	0.0000
1952	0.0000	0.0000	0.0000	0.0000
1953	0.0000	0.0000	0.0000	0.0000
1954	0.0000	0.0000	0.0000	0.0000
1955	0.0000	0.0000	0.0000	0.0000
1956	0.0000	0.0000	0.0000	0.0000
1957	0.0000	0.0000	0.0000	0.0000
1958	0.0000	0.0000	0.0000	0.0000
1959	0.0000	0.0000	0.0000	0.0000
1960	0.0000	0.0000	0.0000	0.0000
1961	0.0000	0.0000	0.0000	0.0000
1962	0.0000	0.0000	0.0000	0.0000
1963	0.0000	0.0000	0.0000	0.0000
1964	0.0000	0.0000	0.0000	0.0000
1965	0.0000	0.0000	0.0000	0.0000
1966	0.0000	0.0000	0.0000	0.0000
1967	0.0000	0.0000	0.0000	0.0000
1968	0.0000	0.0000	0.0000	0.0000
1969	0.0000	0.0000	0.0000	0.0000
1970	0.0000	0.0000	0.0000	0.0000
1971	0.0000	0.0000	0.0000	0.0000
1972	0.0000	0.0000	0.0000	0.0000
1973	0.0000	0.0000	0.0000	0.0000
1974	0.0000	0.0000	0.0000	0.0000
1975	0.0000	0.0000	0.0000	0.0000
1976	0.0000	0.0000	0.0000	0.0000
1977	0.0000	0.0000	0.0000	0.0000
1978	0.0000	0.0000	0.0000	0.0000
1979	0.0000	0.0000	0.0000	0.0000
1980	0.0000	0.0000	0.0000	0.0000
1981	0.0000	0.0000	0.0000	0.0000
1982	0.0000	0.0000	0.0000	0.0000
1983	0.0000	0.0000	0.0000	0.0000
1984	0.0000	0.0000	0.0000	0.0000
1985	0.0000	0.0000	0.0000	0.0000
1986	0.0000	0.0000	0.0000	0.0000
1987	0.0000	0.0000	0.0000	0.0000
1988	0.0000	0.0000	0.0000	0.0000
1989	0.0000	0.0000	0.0000	0.0000
1990	0.0000	0.0000	0.0000	0.0000
1991	0.0000	0.0000	0.0000	0.0000
1992	0.0000	0.0000	0.0000	0.0000
1993	0.0000	0.0000	0.0000	0.0000
1994	0.0000	0.0000	0.0000	0.0000
1995	0.0000	0.0000	0.0000	0.0000
1996	0.0000	0.0000	0.0000	0.0000
1997	0.0000	0.0000	0.0000	0.0000
1998	0.0000	0.0000	0.0000	0.0000
1999	0.0000	0.0000	0.0000	0.0000
2000	0.0000	0.0000	0.0000	0.0000
2001	0.0000	0.0000	0.0000	0.0000
2002	0.0000	0.0000	0.0000	0.0000
2003	0.0000	0.0000	0.0000	0.0000
2004	0.0000	0.0000	0.0000	0.0000
2005	0.0000	0.0000	0.0000	0.0000
2006	0.0000	0.0000	0.0000	0.0000
2007	0.0000	0.0000	0.0000	0.0000
2008	0.0000	0.0000	0.0000	0.0000
2009	0.0000	0.0000	0.0000	0.0000
2010	0.0000	0.0000	0.0000	0.0000
2011	0.0000	0.0000	0.0000	0.0000
2012	0.0000	0.0000	0.0000	0.0000
2013	0.0000	0.0000	0.0000	0.0000
2014	0.0000	0.0000	0.0000	0.0000
2015	0.0000	0.0000	0.0000	0.0000
2016	0.0000	0.0000	0.0000	0.0000
2017	0.0000	0.0000	0.0000	0.0000
2018	0.0000	0.0000	0.0000	0.0000
2019	0.0000	0.0000	0.0000	0.0000
2020	0.0000	0.0000	0.0000	0.0000
2021	0.0000	0.0000	0.0000	0.0000
2022	0.0000	0.0000	0.0000	0.0000
2023	0.0000	0.0000	0.0000	0.0000
2024	0.0000	0.0000	0.0000	0.0000
2025	0.0000	0.0000	0.0000	0.0000
2026	0.0000	0.0000	0.0000	0.0000
2027	0.0000	0.0000	0.0000	0.0000
2028	0.0000	0.0000	0.0000	0.0000
2029	0.0000	0.0000	0.0000	0.0000
2030	0.0000	0.0000	0.0000	0.0000
2031	0.0000	0.0000	0.0000	0.0000
2032	0.0000	0.0000	0.0000	0.0000
2033	0.0000	0.0000	0.0000	0.0000
2034	0.0000	0.0000	0.0000	0.0000
2035	0.0000	0.0000	0.0000	0.0000
2036	0.0000	0.0000	0.0000	0.0000
2037	0.0000	0.0000	0.0000	0.0000
2038	0.0000	0.0000	0.0000	0.0000
2039	0.0000	0.0000	0.0000	0.0000
2040	0.0000	0.0000	0.0000	0.0000
2041	0.0000	0.0000	0.0000	0.0000
2042	0.0000	0.0000	0.0000	0.0000
2043	0.0000	0.0000	0.0000	0.0000
2044	0.0000	0.0000	0.0000	0.0000
2045	0.0000	0.0000	0.0000	0.0000
2046	0.0000	0.0000	0.0000	0.0000
2047	0.0000	0.0000	0.0000	0.0000
