0	0.0000	0.0000	0.0000	0.0000
1	0.0998	0.0000	0.0000	0.0000
2	0.0000	0.0000	0.0198	0.0198
3	0.0000	0.0000	0.0299	0.0299
4	0.0000	0.0000	0.0400	0.0400
5	0.0000	0.0000	0.0497	0.0497
6	0.0000	0.0000	0.0598	0.0598
7	0.0000	0.0000	0.0699	0.0699
8	0.0000	0.0000	0.0800	0.0800
9	0.0000	0.0000	0.0897	0.0897
10	0.0000	0.0000	0.0998	0.0998
11	0.0000	0.0000	0.1099	0.1099
12	0.0000	0.0000	0.1199	0.1199
13	0.0000	0.0000	0.1297	0.1297
14	0.0000	0.0000	0.1398	0.1398
15	0.0000	0.0000	0.1498	0.1498
16	0.0000	0.0000	0.1599	0.1599
17	0.0000	0.0000	0.1700	0.1700
18	0.0000	0.0000	0.1797	0.1797
19	0.0000	0.0000	0.1898	0.1898
20	0.0000	0.0000	0.1999	0.1999
21	0.0000	0.0000	0.2100	0.2100
22	0.0000	0.0000	0.2197	0.2197
23	0.0000	0.0000	0.2298	0.2298
24	0.0000	0.0000	0.2399	0.2399
25	0.0000	0.0000	0.2499	0.2499
26	0.0000	0.0000	0.2597	0.2597
27	0.0000	0.0000	0.2698	0.2698
28	0.0000	0.0000	0.2798	0.2798
29	0.0000	0.0000	0.2899	0.2899
30	0.0000	0.0000	0.3000	0.3000
31	0.0000	0.0000	0.3098	0.3098
32	0.0000	0.0000	0.3198	0.3198
33	0.0000	0.0000	0.3299	0.3299
34	0.0000	0.0000	0.3400	0.3400
35	0.0000	0.0000	0.3497	0.3497
36	0.0000	0.0000	0.3598	0.3598
37	0.0000	0.0000	0.3699	0.3699
38	0.0000	0.0000	0.3799	0.3799
39	0.0000	0.0000	0.3897	0.3897
40	0.0000	0.0000	0.3998	0.3998
41	0.0000	0.0000	0.4099	0.4099
42	0.0000	0.0000	0.4199	0.4199
43	0.0000	0.0000	0.4300	0.4300
44	0.0000	0.0000	0.4398	0.4398
45	0.0000	0.0000	0.4498	0.4498
46	0.0000	0.0000	0.4599	0.4599
47	0.0000	0.0000	0.4700	0.4700
48	0.0000	0.0000	0.4797	0.4797
49	0.0000	0.0000	0.4898	0.4898
50	0.0000	0.0000	0.4999	0.4999
51	0.0000	0.0000	0.5099	0.5099
52	0.0000	0.0000	0.5197	0.5197
53	0.0000	0.0000	0.5298	0.5298
54	0.0000	0.0000	0.5399	0.5399
55	0.0000	0.0000	0.5499	0.5499
56	0.0000	0.0000	0.5600	0.5600
57	0.0000	0.0000	0.5698	0.5698
58	0.0000	0.0000	0.5798	0.5798
59	0.0000	0.0000	0.5899	0.5899
60	0.0000	0.0000	0.6000	0.6000
61	0.0000	0.0000	0.6097	0.6097
62	0.0000	0.0000	0.6198	0.6198
63	0.0000	0.0000	0.6299	0.6299
64	0.0000	0.0000	0.6400	0.6400
65	0.0000	0.0000	0.6497	0.6497
66	0.0000	0.0000	0.6598	0.6598
67	0.0000	0.0000	0.6699	0.6699
68	0.0000	0.0000	0.6799	0.6799
69	0.0000	0.0000	0.6897	0.6897
70	0.0000	0.0000	0.6998	0.6998
71	0.0000	0.0000	0.7098	0.7098
72	0.0000	0.0000	0.7199	0.7199
73	0.0000	0.0000	0.7300	0.7300
74	0.0000	0.0000	0.7397	0.7397
75	0.0000	0.0000	0.7498	0.7498
76	0.0000	0.0000	0.7599	0.7599
77	0.0000	0.0000	0.7700	0.7700
78	0.0000	0.0000	0.7797	0.7797
79	0.0000	0.0000	0.7898	0.7898
80	0.0000	0.0000	0.7999	0.7999
81	0.0000	0.0000	0.8099	0.8099
82	0.0000	0.0000	0.8197	0.8197
83	0.0000	0.0000	0.8298	0.8298
84	0.0000	0.0000	0.8398	0.8398
85	0.0000	0.0000	0.8499	0.8499
86	0.0000	0.0000	0.8600	0.8600
87	0.0000	0.0000	0.8698	0.8698
88	0.0000	0.0000	0.8798	0.8798
89	0.0000	0.0000	0.8899	0.8899
90	0.0000	0.0000	0.9000	0.9000
91	0.0000	0.0000	0.9097	0.9097
92	0.0000	0.0000	0.9198	0.9198
93	0.0000	0.0000	0.9299	0.9299
94	0.0000	0.0000	0.9399	0.9399
95	0.0000	0.0000	0.9497	0.9497
96	0.0000	0.0000	0.9598	0.9598
97	0.0000	0.0000	0.9698	0.9698
98	0.0000	0.0000	0.9799	0.9799
99	0.0000	0.0000	0.9900	0.9900
100	0.0000	0.0000	0.9998	0.9998
101	0.0000	0.0000	1.0098	1.0098
102	0.0000	0.0000	1.0199	1.0199
103	0.0000	0.0000	1.0300	1.0300
104	0.0000	0.0000	1.0397	1.0397
105	0.0000	0.0000	1.0498	1.0498
106	0.0000	0.0000	1.0599	1.0599
107	0.0000	0.0000	1.0699	1.0699
108	0.0000	0.0000	1.0797	1.0797
109	0.0000	0.0000	1.0898	1.0898
110	0.0000	0.0000	1.0999	1.0999
111	0.0000	0.0000	1.1099	1.1099
112	0.0000	0.0000	1.1200	1.1200
113	0.0000	0.0000	1.1298	1.1298
114	0.0000	0.0000	1.1398	1.1398
115	0.0000	0.0000	1.1499	1.1499
116	0.0000	0.0000	1.1600	1.1600
117	0.0000	0.0000	1.1697	1.1697
118	0.0000	0.0000	1.1798	1.1798
119	0.0000	0.0000	1.1899	1.1899
120	0.0000	0.0000	1.2000	1.2000
121	0.0000	0.0000	1.2097	1.2097
122	0.0000	0.0000	1.2198	1.2198
123	0.0000	0.0000	1.2299	1.2299
124	0.0000	0.0000	1.2399	1.2399
125	0.0000	0.0000	1.2500	1.2500
126	0.0000	0.0000	1.2598	1.2598
127	0.0000	0.0000	1.2698	1.2698
128	0.0000	0.0000	1.2799	1.2799
129	0.0000	0.0000	1.2900	1.2900
130	0.0000	0.0000	1.2997	1.2997
131	0.0000	0.0000	1.3098	1.3098
132	0.0000	0.0000	1.3199	1.3199
133	0.0000	0.0000	1.3300	1.3300
134	0.0000	0.0000	1.3397	1.3397
135	0.0000	0.0000	1.3498	1.3498
136	0.0000	0.0000	1.3599	1.3599
137	0.0000	0.0000	1.3699	1.3699
138	0.0000	0.0000	1.3797	1.3797
139	0.0000	0.0000	1.3898	1.3898
140	0.0000	0.0000	1.3998	1.3998
141	0.0000	0.0000	1.4099	1.4099
142	0.0000	0.0000	1.4200	1.4200
143	0.0000	0.0000	1.4297	1.4297
144	0.0000	0.0000	1.4398	1.4398
145	0.0000	0.0000	1.4499	1.4499
146	0.0000	0.0000	1.4600	1.4600
147	0.0000	0.0000	1.4697	1.4697
148	0.0000	0.0000	1.4798	1.4798
149	0.0000	0.0000	1.4899	1.4899
150	0.0000	0.0000	1.4999	1.4999
151	0.0000	0.0000	1.5097	1.5097
152	0.0000	0.0000	1.5198	1.5198
153	0.0000	0.0000	1.5298	1.5298
154	0.0000	0.0000	1.5399	1.5399
155	0.0000	0.0000	1.5500	1.5500
156	0.0000	0.0000	1.5598	1.5598
157	0.0000	0.0000	1.5698	1.5698
158	0.0000	0.0000	1.5799	1.5799
159	0.0000	0.0000	1.5900	1.5900
160	0.0000	0.0000	1.5997	1.5997
161	0.0000	0.0000	1.6098	1.6098
162	0.0000	0.0000	1.6199	1.6199
163	0.0000	0.0000	1.6299	1.6299
164	0.0000	0.0000	1.6397	1.6397
165	0.0000	0.0000	1.6498	1.6498
166	0.0000	0.0000	1.6599	1.6599
167	0.0000	0.0000	1.6699	1.6699
168	0.0000	0.0000	1.6800	1.6800
169	0.0000	0.0000	1.6898	1.6898
170	0.0000	0.0000	1.6998	1.6998
171	0.0000	0.0000	1.7099	1.7099
172	0.0000	0.0000	1.7200	1.7200
173	0.0000	0.0000	1.7297	1.7297
174	0.0000	0.0000	1.7398	1.7398
175	0.0000	0.0000	1.7499	1.7499
176	0.0000	0.0000	1.7599	1.7599
177	0.0000	0.0000	1.7697	1.7697
178	0.0000	0.0000	1.7798	1.7798
179	0.0000	0.0000	1.7899	1.7899
180	0.0000	0.0000	1.7999	1.7999
181	0.0000	0.0000	1.8100	1.8100
182	0.0000	0.0000	1.8198	1.8198
183	0.0000	0.0000	1.8298	1.8298
184	0.0000	0.0000	1.8399	1.8399
185	0.0000	0.0000	1.8500	1.8500
186	0.0000	0.0000	1.8597	1.8597
187	0.0000	0.0000	1.8698	1.8698
188	0.0000	0.0000	1.8799	1.8799
189	0.0000	0.0000	1.8900	1.8900
190	0.0000	0.0000	1.8997	1.8997
191	0.0000	0.0000	1.9098	1.9098
192	0.0000	0.0000	1.9199	1.9199
193	0.0000	0.0000	1.9299	1.9299
194	0.0000	0.0000	1.9397	1.9397
195	0.0000	0.0000	1.9498	1.9498
196	0.0000	0.0000	1.9598	1.9598
197	0.0000	0.0000	1.9699	1.9699
198	0.0000	0.0000	1.9800	1.9800
199	0.0000	0.0000	1.9897	1.9897
200	0.0000	0.0000	1.9998	1.9998
201	0.0000	0.0000	2.0099	2.0099
202	0.0000	0.0000	2.0200	2.0200
203	0.0000	0.0000	2.0297	2.0297
204	0.0000	0.0000	2.0398	2.0398
205	0.0000	0.0000	2.0499	2.0499
206	0.0000	0.0000	2.0599	2.0599
207	0.0000	0.0000	2.0697	2.0697
208	0.0000	0.0000	2.0798	2.0798
209	0.0000	0.0000	2.0898	2.0898
210	0.0000	0.0000	2.0999	2.0999
211	0.0000	0.0000	2.1100	2.1100
212	0.0000	0.0000	2.1198	2.1198
213	0.0000	0.0000	2.1298	2.1298
214	0.0000	0.0000	2.1399	2.1399
215	0.0000	0.0000	2.1500	2.1500
216	0.0000	0.0000	2.1597	2.1597
217	0.0000	0.0000	2.1698	2.1698
218	0.0000	0.0000	2.1799	2.1799
219	0.0000	0.0000	2.1899	2.1899
220	0.0000	0.0000	2.1997	2.1997
221	0.0000	0.0000	2.2098	2.2098
222	0.0000	0.0000	2.2198	2.2198
223	0.0000	0.0000	2.2299	2.2299
224	0.0000	0.0000	2.2400	2.2400
225	0.0000	0.0000	2.2498	2.2498
226	0.0000	0.0000	2.2598	2.2598
227	0.0000	0.0000	2.2699	2.2699
228	0.0000	0.0000	2.2800	2.2800
229	0.0000	0.0000	2.2897	2.2897
230	0.0000	0.0000	2.2998	2.2998
231	0.0000	0.0000	2.3099	2.3099
232	0.0000	0.0000	2.3199	2.3199
233	0.0000	0.0000	2.3297	2.3297
234	0.0000	0.0000	2.3398	2.3398
235	0.0000	0.0000	2.3499	2.3499
236	0.0000	0.0000	2.3599	2.3599
237	0.0000	0.0000	2.3700	2.3700
238	0.0000	0.0000	2.3798	2.3798
239	0.0000	0.0000	2.3898	2.3898
240	0.0000	0.0000	2.3999	2.3999
241	0.0000	0.0000	2.4100	2.4100
242	0.0000	0.0000	2.4197	2.4197
243	0.0000	0.0000	2.4298	2.4298
244	0.0000	0.0000	2.4399	2.4399
245	0.0000	0.0000	2.4500	2.4500
246	0.0000	0.0000	2.4597	2.4597
247	0.0000	0.0000	2.4698	2.4698
248	0.0000	0.0000	2.4799	2.4799
249	0.0000	0.0000	2.4899	2.4899
250	0.0000	0.0000	2.5000	2.5000
251	0.0000	0.0000	2.5098	2.5098
252	0.0000	0.0000	2.5198	2.5198
253	0.0000	0.0000	2.5299	2.5299
254	0.0000	0.0000	2.5400	2.5400
255	0.0000	0.0000	2.5497	2.5497
256	0.0000	0.0000	2.5598	2.5598
257	0.0000	0.0000	2.5699	2.5699
258	0.0000	0.0000	2.5800	2.5800
259	0.0000	0.0000	2.5897	2.5897
260	0.0000	0.0000	2.5998	2.5998
261	0.0000	0.0000	2.6099	2.6099
262	0.0000	0.0000	2.6199	2.6199
263	0.0000	0.0000	2.6297	2.6297
264	0.0000	0.0000	2.6398	2.6398
265	0.0000	0.0000	2.6498	2.6498
266	0.0000	0.0000	2.6599	2.6599
267	0.0000	0.0000	2.6700	2.6700
268	0.0000	0.0000	2.6797	2.6797
269	0.0000	0.0000	2.6898	2.6898
270	0.0000	0.0000	2.6999	2.6999
271	0.0000	0.0000	2.7100	2.7100
272	0.0000	0.0000	2.7197	2.7197
273	0.0000	0.0000	2.7298	2.7298
274	0.0000	0.0000	2.7399	2.7399
275	0.0000	0.0000	2.7499	2.7499
276	0.0000	0.0000	2.7597	2.7597
277	0.0000	0.0000	2.7698	2.7698
278	0.0000	0.0000	2.7798	2.7798
279	0.0000	0.0000	2.7899	2.7899
280	0.0000	0.0000	2.8000	2.8000
281	0.0000	0.0000	2.8098	2.8098
282	0.0000	0.0000	2.8198	2.8198
283	0.0000	0.0000	2.8299	2.8299
284	0.0000	0.0000	2.8400	2.8400
285	0.0000	0.0000	2.8497	2.8497
286	0.0000	0.0000	2.8598	2.8598
287	0.0000	0.0000	2.8699	2.8699
288	0.0000	0.0000	2.8799	2.8799
289	0.0000	0.0000	2.8897	2.8897
290	0.0000	0.0000	2.8998	2.8998
291	0.0000	0.0000	2.9099	2.9099
292	0.0000	0.0000	2.9199	2.9199
293	0.0000	0.0000	2.9300	2.9300
294	0.0000	0.0000	2.9398	2.9398
295	0.0000	0.0000	2.9498	2.9498
296	0.0000	0.0000	2.9599	2.9599
297	0.0000	0.0000	2.9700	2.9700
298	0.0000	0.0000	2.9797	2.9797
299	0.0000	0.0000	2.9898	2.9898
300	0.0000	0.0000	2.9999	2.9999
301	0.0000	0.0000	3.0099	3.0099
302	0.0000	0.0000	3.0197	3.0197
303	0.0000	0.0000	3.0298	3.0298
304	0.0000	0.0000	3.0399	3.0399
305	0.0000	0.0000	3.0499	3.0499
306	0.0000	0.0000	3.0600	3.0600
307	0.0000	0.0000	3.0698	3.0698
308	0.0000	0.0000	3.0798	3.0798
309	0.0000	0.0000	3.0899	3.0899
310	0.0000	0.0000	3.1000	3.1000
311	0.0000	0.0000	3.1097	3.1097
312	0.0000	0.0000	3.1198	3.1198
313	0.0000	0.0000	3.1299	3.1299
314	0.0000	0.0000	3.1400	3.1400
315	0.0000	0.0000	3.1497	3.1497
316	0.0000	0.0000	3.1598	3.1598
317	0.0000	0.0000	3.1699	3.1699
318	0.0000	0.0000	3.1799	3.1799
319	0.0000	0.0000	3.1897	3.1897
320	0.0000	0.0000	3.1998	3.1998
321	0.0000	0.0000	3.2098	3.2098
322	0.0000	0.0000	3.2199	3.2199
323	0.0000	0.0000	3.2300	3.2300
324	0.0000	0.0000	3.2397	3.2397
325	0.0000	0.0000	3.2498	3.2498
326	0.0000	0.0000	3.2599	3.2599
327	0.0000	0.0000	3.2700	3.2700
328	0.0000	0.0000	3.2797	3.2797
329	0.0000	0.0000	3.2898	3.2898
330	0.0000	0.0000	3.2999	3.2999
331	0.0000	0.0000	3.3099	3.3099
332	0.0000	0.0000	3.3197	3.3197
333	0.0000	0.0000	3.3298	3.3298
334	0.0000	0.0000	3.3398	3.3398
335	0.0000	0.0000	3.3499	3.3499
336	0.0000	0.0000	3.3600	3.3600
337	0.0000	0.0000	3.3698	3.3698
338	0.0000	0.0000	3.3798	3.3798
339	0.0000	0.0000	3.3899	3.3899
340	0.0000	0.0000	3.4000	3.4000
341	0.0000	0.0000	3.4097	3.4097
342	0.0000	0.0000	3.4198	3.4198
343	0.0000	0.0000	3.4299	3.4299
344	0.0000	0.0000	3.4399	3.4399
345	0.0000	0.0000	3.4497	3.4497
346	0.0000	0.0000	3.4598	3.4598
347	0.0000	0.0000	3.4698	3.4698
348	0.0000	0.0000	3.4799	3.4799
349	0.0000	0.0000	3.4900	3.4900
350	0.0000	0.0000	3.4998	3.4998
351	0.0000	0.0000	3.5098	3.5098
352	0.0000	0.0000	3.5199	3.5199
353	0.0000	0.0000	3.5300	3.5300
354	0.0000	0.0000	3.5397	3.5397
355	0.0000	0.0000	3.5498	3.5498
356	0.0000	0.0000	3.5599	3.5599
357	0.0000	0.0000	3.5699	3.5699
358	0.0000	0.0000	3.5797	3.5797
359	0.0000	0.0000	3.5898	3.5898
360	0.0000	0.0000	3.5999	3.5999
361	0.0000	0.0000	3.6099	3.6099
362	0.0000	0.0000	3.6200	3.6200
363	0.0000	0.0000	3.6298	3.6298
364	0.0000	0.0000	3.6398	3.6398
365	0.0000	0.0000	3.6499	3.6499
366	0.0000	0.0000	3.6600	3.6600
367	0.0000	0.0000	3.6697	3.6697
368	0.0000	0.0000	3.6798	3.6798
369	0.0000	0.0000	3.6899	3.6899
370	0.0000	0.0000	3.7000	3.7000
371	0.0000	0.0000	3.7097	3.7097
372	0.0000	0.0000	3.7198	3.7198
373	0.0000	0.0000	3.7299	3.7299
374	0.0000	0.0000	3.7399	3.7399
375	0.0000	0.0000	3.7500	3.7500
376	0.0000	0.0000	3.7598	3.7598
377	0.0000	0.0000	3.7698	3.7698
378	0.0000	0.0000	3.7799	3.7799
379	0.0000	0.0000	3.7900	3.7900
380	0.0000	0.0000	3.7997	3.7997
381	0.0000	0.0000	3.8098	3.8098
382	0.0000	0.0000	3.8199	3.8199
383	0.0000	0.0000	3.8300	3.8300
384	0.0000	0.0000	3.8397	3.8397
385	0.0000	0.0000	3.8498	3.8498
386	0.0000	0.0000	3.8599	3.8599
387	0.0000	0.0000	3.8699	3.8699
388	0.0000	0.0000	3.8797	3.8797
389	0.0000	0.0000	3.8898	3.8898
390	0.0000	0.0000	3.8998	3.8998
391	0.0000	0.0000	3.9099	3.9099
392	0.0000	0.0000	3.9200	3.9200
393	0.0000	0.0000	3.9297	3.9297
394	0.0000	0.0000	3.9398	3.9398
395	0.0000	0.0000	3.9499	3.9499
396	0.0000	0.0000	3.9600	3.9600
397	0.0000	0.0000	3.9697	3.9697
398	0.0000	0.0000	3.9798	3.9798
399	0.0000	0.0000	3.9899	3.9899
400	0.0000	0.0000	3.9999	3.9999
401	0.0000	0.0000	4.0097	4.0097
402	0.0000	0.0000	4.0198	4.0198
403	0.0000	0.0000	4.0298	4.0298
404	0.0000	0.0000	4.0399	4.0399
405	0.0000	0.0000	4.0500	4.0500
406	0.0000	0.0000	4.0598	4.0598
407	0.0000	0.0000	4.0698	4.0698
408	0.0000	0.0000	4.0799	4.0799
409	0.0000	0.0000	4.0900	4.0900
410	0.0000	0.0000	4.0997	4.0997
411	0.0000	0.0000	4.1098	4.1098
412	0.0000	0.0000	4.1199	4.1199
413	0.0000	0.0000	4.1299	4.1299
414	0.0000	0.0000	4.1397	4.1397
415	0.0000	0.0000	4.1498	4.1498
416	0.0000	0.0000	4.1599	4.1599
417	0.0000	0.0000	4.1699	4.1699
418	0.0000	0.0000	4.1800	4.1800
419	0.0000	0.0000	4.1898	4.1898
420	0.0000	0.0000	4.1998	4.1998
421	0.0000	0.0000	4.2099	4.2099
422	0.0000	0.0000	4.2200	4.2200
423	0.0000	0.0000	4.2297	4.2297
424	0.0000	0.0000	4.2398	4.2398
425	0.0000	0.0000	4.2499	4.2499
426	0.0000	0.0000	4.2599	4.2599
427	0.0000	0.0000	4.2697	4.2697
428	0.0000	0.0000	4.2798	4.2798
429	0.0000	0.0000	4.2899	4.2899
430	0.0000	0.0000	4.2999	4.2999
431	0.0000	0.0000	4.3100	4.3100
432	0.0000	0.0000	4.3198	4.3198
433	0.0000	0.0000	4.3298	4.3298
434	0.0000	0.0000	4.3399	4.3399
435	0.0000	0.0000	4.3500	4.3500
436	0.0000	0.0000	4.3597	4.3597
437	0.0000	0.0000	4.3698	4.3698
438	0.0000	0.0000	4.3799	4.3799
439	0.0000	0.0000	4.3900	4.3900
440	0.0000	0.0000	4.3997	4.3997
441	0.0000	0.0000	4.4098	4.4098
442	0.0000	0.0000	4.4199	4.4199
443	0.0000	0.0000	4.4299	4.4299
444	0.0000	0.0000	4.4397	4.4397
445	0.0000	0.0000	4.4498	4.4498
446	0.0000	0.0000	4.4598	4.4598
447	0.0000	0.0000	4.4699	4.4699
448	0.0000	0.0000	4.4800	4.4800
449	0.0000	0.0000	4.4897	4.4897
450	0.0000	0.0000	4.4998	4.4998
451	0.0000	0.0000	4.5099	4.5099
452	0.0000	0.0000	4.5200	4.5200
453	0.0000	0.0000	4.5297	4.5297
454	0.0000	0.0000	4.5398	4.5398
455	0.0000	0.0000	4.5499	4.5499
456	0.0000	0.0000	4.5599	4.5599
457	0.0000	0.0000	4.5697	4.5697
458	0.0000	0.0000	4.5798	4.5798
459	0.0000	0.0000	4.5898	4.5898
460	0.0000	0.0000	4.5999	4.5999
461	0.0000	0.0000	4.6100	4.6100
462	0.0000	0.0000	4.6198	4.6198
463	0.0000	0.0000	4.6298	4.6298
464	0.0000	0.0000	4.6399	4.6399
465	0.0000	0.0000	4.6500	4.6500
466	0.0000	0.0000	4.6597	4.6597
467	0.0000	0.0000	4.6698	4.6698
468	0.0000	0.0000	4.6799	4.6799
469	0.0000	0.0000	4.6899	4.6899
470	0.0000	0.0000	4.6997	4.6997
471	0.0000	0.0000	4.7098	4.7098
472	0.0000	0.0000	4.7198	4.7198
473	0.0000	0.0000	4.7299	4.7299
474	0.0000	0.0000	4.7400	4.7400
475	0.0000	0.0000	4.7498	4.7498
476	0.0000	0.0000	4.7598	4.7598
477	0.0000	0.0000	4.7699	4.7699
478	0.0000	0.0000	4.7800	4.7800
479	0.0000	0.0000	4.7897	4.7897
480	0.0000	0.0000	4.7998	4.7998
481	0.0000	0.0000	4.8099	4.8099
482	0.0000	0.0000	4.8199	4.8199
483	0.0000	0.0000	4.8297	4.8297
484	0.0000	0.0000	4.8398	4.8398
485	0.0000	0.0000	4.8499	4.8499
486	0.0000	0.0000	4.8599	4.8599
487	0.0000	0.0000	4.8700	4.8700
488	0.0000	0.0000	4.8798	4.8798
489	0.0000	0.0000	4.8898	4.8898
490	0.0000	0.0000	4.8999	4.8999
491	0.0000	0.0000	4.9100	4.9100
492	0.0000	0.0000	4.9197	4.9197
493	0.0000	0.0000	4.9298	4.9298
494	0.0000	0.0000	4.9399	4.9399
495	0.0000	0.0000	4.9500	4.9500
496	0.0000	0.0000	4.9597	4.9597
497	0.0000	0.0000	4.9698	4.9698
498	0.0000	0.0000	4.9799	4.9799
499	0.0000	0.0000	4.9899	4.9899
500	0.0000	0.0000	5.0000	5.0000
501	0.0000	0.0000	5.0098	5.0098
502	0.0000	0.0000	5.0198	5.0198
503	0.0000	0.0000	5.0299	5.0299
504	0.0000	0.0000	5.0400	5.0400
505	0.0000	0.0000	5.0497	5.0497
506	0.0000	0.0000	5.0598	5.0598
507	0.0000	0.0000	5.0699	5.0699
508	0.0000	0.0000	5.0800	5.0800
509	0.0000	0.0000	5.0897	5.0897
510	0.0000	0.0000	5.0998	5.0998
511	0.0000	0.0000	5.1099	5.1099
512	0.0000	0.0000	5.1199	5.1199
513	0.0000	0.0000	5.1297	5.1297
514	0.0000	0.0000	5.1398	5.1398
515	0.0000	0.0000	5.1498	5.1498
516	0.0000	0.0000	5.1599	5.1599
517	0.0000	0.0000	5.1700	5.1700
518	0.0000	0.0000	5.1797	5.1797
519	0.0000	0.0000	5.1898	5.1898
520	0.0000	0.0000	5.1999	5.1999
521	0.0000	0.0000	5.2100	5.2100
522	0.0000	0.0000	5.2197	5.2197
523	0.0000	0.0000	5.2298	5.2298
524	0.0000	0.0000	5.2399	5.2399
525	0.0000	0.0000	5.2499	5.2499
526	0.0000	0.0000	5.2597	5.2597
527	0.0000	0.0000	5.2698	5.2698
528	0.0000	0.0000	5.2798	5.2798
529	0.0000	0.0000	5.2899	5.2899
530	0.0000	0.0000	5.3000	5.3000
531	0.0000	0.0000	5.3098	5.3098
532	0.0000	0.0000	5.3198	5.3198
533	0.0000	0.0000	5.3299	5.3299
534	0.0000	0.0000	5.3400	5.3400
535	0.0000	0.0000	5.3497	5.3497
536	0.0000	0.0000	5.3598	5.3598
537	0.0000	0.0000	5.3699	5.3699
538	0.0000	0.0000	5.3799	5.3799
539	0.0000	0.0000	5.3897	5.3897
540	0.0000	0.0000	5.3998	5.3998
541	0.0000	0.0000	5.4099	5.4099
542	0.0000	0.0000	5.4199	5.4199
543	0.0000	0.0000	5.4300	5.4300
544	0.0000	0.0000	5.4398	5.4398
545	0.0000	0.0000	5.4498	5.4498
546	0.0000	0.0000	5.4599	5.4599
547	0.0000	0.0000	5.4700	5.4700
548	0.0000	0.0000	5.4797	5.4797
549	0.0000	0.0000	5.4898	5.4898
550	0.0000	0.0000	5.4999	5.4999
551	0.0000	0.0000	5.5099	5.5099
552	0.0000	0.0000	5.5197	5.5197
553	0.0000	0.0000	5.5298	5.5298
554	0.0000	0.0000	5.5399	5.5399
555	0.0000	0.0000	5.5499	5.5499
556	0.0000	0.0000	5.5600	5.5600
557	0.0000	0.0000	5.5698	5.5698
558	0.0000	0.0000	5.5798	5.5798
559	0.0000	0.0000	5.5899	5.5899
560	0.0000	0.0000	5.6000	5.6000
561	0.0000	0.0000	5.6097	5.6097
562	0.0000	0.0000	5.6198	5.6198
563	0.0000	0.0000	5.6299	5.6299
564	0.0000	0.0000	5.6400	5.6400
565	0.0000	0.0000	5.6497	5.6497
566	0.0000	0.0000	5.6598	5.6598
567	0.0000	0.0000	5.6699	5.6699
568	0.0000	0.0000	5.6799	5.6799
569	0.0000	0.0000	5.6897	5.6897
570	0.0000	0.0000	5.6998	5.6998
571	0.0000	0.0000	5.7098	5.7098
572	0.0000	0.0000	5.7199	5.7199
573	0.0000	0.0000	5.7300	5.7300
574	0.0000	0.0000	5.7397	5.7397
575	0.0000	0.0000	5.7498	5.7498
576	0.0000	0.0000	5.7599	5.7599
577	0.0000	0.0000	5.7700	5.7700
578	0.0000	0.0000	5.7797	5.7797
579	0.0000	0.0000	5.7898	5.7898
580	0.0000	0.0000	5.7999	5.7999
581	0.0000	0.0000	5.8099	5.8099
582	0.0000	0.0000	5.8197	5.8197
583	0.0000	0.0000	5.8298	5.8298
584	0.0000	0.0000	5.8398	5.8398
585	0.0000	0.0000	5.8499	5.8499
586	0.0000	0.0000	5.8600	5.8600
587	0.0000	0.0000	5.8698	5.8698
588	0.0000	0.0000	5.8798	5.8798
589	0.0000	0.0000	5.8899	5.8899
590	0.0000	0.0000	5.9000	5.9000
591	0.0000	0.0000	5.9097	5.9097
592	0.0000	0.0000	5.9198	5.9198
593	0.0000	0.0000	5.9299	5.9299
594	0.0000	0.0000	5.9399	5.9399
595	0.0000	0.0000	5.9497	5.9497
596	0.0000	0.0000	5.9598	5.9598
597	0.0000	0.0000	5.9698	5.9698
598	0.0000	0.0000	5.9799	5.9799
599	0.0000	0.0000	5.9900	5.9900
600	0.0000	0.0000	5.9998	5.9998
601	0.0000	0.0000	6.0098	6.0098
602	0.0000	0.0000	6.0199	6.0199
603	0.0000	0.0000	6.0300	6.0300
604	0.0000	0.0000	6.0397	6.0397
605	0.0000	0.0000	6.0498	6.0498
606	0.0000	0.0000	6.0599	6.0599
607	0.0000	0.0000	6.0699	6.0699
608	0.0000	0.0000	6.0797	6.0797
609	0.0000	0.0000	6.0898	6.0898
610	0.0000	0.0000	6.0999	6.0999
611	0.0000	0.0000	6.1099	6.1099
612	0.0000	0.0000	6.1200	6.1200
613	0.0000	0.0000	6.1298	6.1298
614	0.0000	0.0000	6.1398	6.1398
615	0.0000	0.0000	6.1499	6.1499
616	0.0000	0.0000	6.1600	6.1600
617	0.0000	0.0000	6.1697	6.1697
618	0.0000	0.0000	6.1798	6.1798
619	0.0000	0.0000	6.1899	6.1899
620	0.0000	0.0000	6.2000	6.2000
621	0.0000	0.0000	6.2097	6.2097
622	0.0000	0.0000	6.2198	6.2198
623	0.0000	0.0000	6.2299	6.2299
624	0.0000	0.0000	6.2399	6.2399
625	0.0000	0.0000	6.2500	6.2500
626	0.0000	0.0000	6.2598	6.2598
627	0.0000	0.0000	6.2698	6.2698
628	0.0000	0.0000	6.2799	6.2799
629	0.0000	0.0000	6.2900	6.2900
630	0.0000	0.0000	6.2997	6.2997
631	0.0000	0.0000	6.3098	6.3098
632	0.0000	0.0000	6.3199	6.3199
633	0.0000	0.0000	6.3300	6.3300
634	0.0000	0.0000	6.3397	6.3397
635	0.0000	0.0000	6.3498	6.3498
636	0.0000	0.0000	6.3599	6.3599
637	0.0000	0.0000	6.3699	6.3699
638	0.0000	0.0000	6.3797	6.3797
639	0.0000	0.0000	6.3898	6.3898
640	0.0000	0.0000	6.3998	6.3998
641	0.0000	0.0000	6.4099	6.4099
642	0.0000	0.0000	6.4200	6.4200
643	0.0000	0.0000	6.4297	6.4297
644	0.0000	0.0000	6.4398	6.4398
645	0.0000	0.0000	6.4499	6.4499
646	0.0000	0.0000	6.4600	6.4600
647	0.0000	0.0000	6.4697	6.4697
648	0.0000	0.0000	6.4798	6.4798
649	0.0000	0.0000	6.4899	6.4899
650	0.0000	0.0000	6.4999	6.4999
651	0.0000	0.0000	6.5097	6.5097
652	0.0000	0.0000	6.5198	6.5198
653	0.0000	0.0000	6.5298	6.5298
654	0.0000	0.0000	6.5399	6.5399
655	0.0000	0.0000	6.5500	6.5500
656	0.0000	0.0000	6.5598	6.5598
657	0.0000	0.0000	6.5698	6.5698
658	0.0000	0.0000	6.5799	6.5799
659	0.0000	0.0000	6.5900	6.5900
660	0.0000	0.0000	6.5997	6.5997
661	0.0000	0.0000	6.6098	6.6098
662	0.0000	0.0000	6.6199	6.6199
663	0.0000	0.0000	6.6299	6.6299
664	0.0000	0.0000	6.6397	6.6397
665	0.0000	0.0000	6.6498	6.6498
666	0.0000	0.0000	6.6599	6.6599
667	0.0000	0.0000	6.6699	6.6699
668	0.0000	0.0000	6.6800	6.6800
669	0.0000	0.0000	6.6898	6.6898
670	0.0000	0.0000	6.6998	6.6998
671	0.0000	0.0000	6.7099	6.7099
672	0.0000	0.0000	6.7200	6.7200
673	0.0000	0.0000	6.7297	6.7297
674	0.0000	0.0000	6.7398	6.7398
675	0.0000	0.0000	6.7499	6.7499
676	0.0000	0.0000	6.7599	6.7599
677	0.0000	0.0000	6.7697	6.7697
678	0.0000	0.0000	6.7798	6.7798
679	0.0000	0.0000	6.7899	6.7899
680	0.0000	0.0000	6.7999	6.7999
681	0.0000	0.0000	6.8100	6.8100
682	0.0000	0.0000	6.8198	6.8198
683	0.0000	0.0000	6.8298	6.8298
684	0.0000	0.0000	6.8399	6.8399
685	0.0000	0.0000	6.8500	6.8500
686	0.0000	0.0000	6.8597	6.8597
687	0.0000	0.0000	6.8698	6.8698
688	0.0000	0.0000	6.8799	6.8799
689	0.0000	0.0000	6.8900	6.8900
690	0.0000	0.0000	6.8997	6.8997
691	0.0000	0.0000	6.9098	6.9098
692	0.0000	0.0000	6.9199	6.9199
693	0.0000	0.0000	6.9299	6.9299
694	0.0000	0.0000	6.9397	6.9397
695	0.0000	0.0000	6.9498	6.9498
696	0.0000	0.0000	6.9598	6.9598
697	0.0000	0.0000	6.9699	6.9699
698	0.0000	0.0000	6.9800	6.9800
699	0.0000	0.0000	6.9897	6.9897
700	0.0000	0.0000	6.9998	6.9998
701	0.0000	0.0000	7.0099	7.0099
702	0.0000	0.0000	7.0200	7.0200
703	0.0000	0.0000	7.0297	7.0297
704	0.0000	0.0000	7.0398	7.0398
705	0.0000	0.0000	7.0499	7.0499
706	0.0000	0.0000	7.0599	7.0599
707	0.0000	0.0000	7.0697	7.0697
708	0.0000	0.0000	7.0798	7.0798
709	0.0000	0.0000	7.0898	7.0898
710	0.0000	0.0000	7.0999	7.0999
711	0.0000	0.0000	7.1100	7.1100
712	0.0000	0.0000	7.1198	7.1198
713	0.0000	0.0000	7.1298	7.1298
714	0.0000	0.0000	7.1399	7.1399
715	0.0000	0.0000	7.1500	7.1500
716	0.0000	0.0000	7.1597	7.1597
717	0.0000	0.0000	7.1698	7.1698
718	0.0000	0.0000	7.1799	7.1799
719	0.0000	0.0000	7.1899	7.1899
720	0.0000	0.0000	7.1997	7.1997
721	0.0000	0.0000	7.2098	7.2098
722	0.0000	0.0000	7.2198	7.2198
723	0.0000	0.0000	7.2299	7.2299
724	0.0000	0.0000	7.2400	7.2400
725	0.0000	0.0000	7.2498	7.2498
726	0.0000	0.0000	7.2598	7.2598
727	0.0000	0.0000	7.2699	7.2699
728	0.0000	0.0000	7.2800	7.2800
729	0.0000	0.0000	7.2897	7.2897
730	0.0000	0.0000	7.2998	7.2998
731	0.0000	0.0000	7.3099	7.3099
732	0.0000	0.0000	7.3199	7.3199
733	0.0000	0.0000	7.3297	7.3297
734	0.0000	0.0000	7.3398	7.3398
735	0.0000	0.0000	7.3499	7.3499
736	0.0000	0.0000	7.3599	7.3599
737	0.0000	0.0000	7.3700	7.3700
738	0.0000	0.0000	7.3798	7.3798
739	0.0000	0.0000	7.3898	7.3898
740	0.0000	0.0000	7.3999	7.3999
741	0.0000	0.0000	7.4100	7.4100
742	0.0000	0.0000	7.4197	7.4197
743	0.0000	0.0000	7.4298	7.4298
744	0.0000	0.0000	7.4399	7.4399
745	0.0000	0.0000	7.4500	7.4500
746	0.0000	0.0000	7.4597	7.4597
747	0.0000	0.0000	7.4698	7.4698
748	0.0000	0.0000	7.4799	7.4799
749	0.0000	0.0000	7.4899	7.4899
750	0.0000	0.0000	7.5000	7.5000
751	0.0000	0.0000	7.5098	7.5098
752	0.0000	0.0000	7.5198	7.5198
753	0.0000	0.0000	7.5299	7.5299
754	0.0000	0.0000	7.5400	7.5400
755	0.0000	0.0000	7.5497	7.5497
756	0.0000	0.0000	7.5598	7.5598
757	0.0000	0.0000	7.5699	7.5699
758	0.0000	0.0000	7.5800	7.5800
759	0.0000	0.0000	7.5897	7.5897
760	0.0000	0.0000	7.5998	7.5998
761	0.0000	0.0000	7.6099	7.6099
762	0.0000	0.0000	7.6199	7.6199
763	0.0000	0.0000	7.6297	7.6297
764	0.0000	0.0000	7.6398	7.6398
765	0.0000	0.0000	7.6498	7.6498
766	0.0000	0.0000	7.6599	7.6599
767	0.0000	0.0000	7.6700	7.6700
768	0.0000	0.0000	7.6797	7.6797
769	0.0000	0.0000	7.6898	7.6898
770	0.0000	0.0000	7.6999	7.6999
771	0.0000	0.0000	7.7100	7.7100
772	0.0000	0.0000	7.7197	7.7197
773	0.0000	0.0000	7.7298	7.7298
774	0.0000	0.0000	7.7399	7.7399
775	0.0000	0.0000	7.7499	7.7499
776	0.0000	0.0000	7.7597	7.7597
777	0.0000	0.0000	7.7698	7.7698
778	0.0000	0.0000	7.7798	7.7798
779	0.0000	0.0000	7.7899	7.7899
780	0.0000	0.0000	7.8000	7.8000
781	0.0000	0.0000	7.8098	7.8098
782	0.0000	0.0000	7.8198	7.8198
783	0.0000	0.0000	7.8299	7.8299
784	0.0000	0.0000	7.8400	7.8400
785	0.0000	0.0000	7.8497	7.8497
786	0.0000	0.0000	7.8598	7.8598
787	0.0000	0.0000	7.8699	7.8699
788	0.0000	0.0000	7.8799	7.8799
789	0.0000	0.0000	7.8897	7.8897
790	0.0000	0.0000	7.8998	7.8998
791	0.0000	0.0000	7.9099	7.9099
792	0.0000	0.0000	7.9199	7.9199
793	0.0000	0.0000	7.9300	7.9300
794	0.0000	0.0000	7.9398	7.9398
795	0.0000	0.0000	7.9498	7.9498
796	0.0000	0.0000	7.9599	7.9599
797	0.0000	0.0000	7.9700	7.9700
798	0.0000	0.0000	7.9797	7.9797
799	0.0000	0.0000	7.9898	7.9898
800	0.0000	0.0000	7.9999	7.9999
801	0.0000	0.0000	8.0099	8.0099
802	0.0000	0.0000	8.0197	8.0197
803	0.0000	0.0000	8.0298	8.0298
804	0.0000	0.0000	8.0399	8.0399
805	0.0000	0.0000	8.0499	8.0499
806	0.0000	0.0000	8.0600	8.0600
807	0.0000	0.0000	8.0698	8.0698
808	0.0000	0.0000	8.0798	8.0798
809	0.0000	0.0000	8.0899	8.0899
810	0.0000	0.0000	8.1000	8.1000
811	0.0000	0.0000	8.1097	8.1097
812	0.0000	0.0000	8.1198	8.1198
813	0.0000	0.0000	8.1299	8.1299
814	0.0000	0.0000	8.1400	8.1400
815	0.0000	0.0000	8.1497	8.1497
816	0.0000	0.0000	8.1598	8.1598
817	0.0000	0.0000	8.1699	8.1699
818	0.0000	0.0000	8.1799	8.1799
819	0.0000	0.0000	8.1897	8.1897
820	0.0000	0.0000	8.1998	8.1998
821	0.0000	0.0000	8.2098	8.2098
822	0.0000	0.0000	8.2199	8.2199
823	0.0000	0.0000	8.2300	8.2300
824	0.0000	0.0000	8.2397	8.2397
825	0.0000	0.0000	8.2498	8.2498
826	0.0000	0.0000	8.2599	8.2599
827	0.0000	0.0000	8.2700	8.2700
828	0.0000	0.0000	8.2797	8.2797
829	0.0000	0.0000	8.2898	8.2898
830	0.0000	0.0000	8.2999	8.2999
831	0.0000	0.0000	8.3099	8.3099
832	0.0000	0.0000	8.3197	8.3197
833	0.0000	0.0000	8.3298	8.3298
834	0.0000	0.0000	8.3398	8.3398
835	0.0000	0.0000	8.3499	8.3499
836	0.0000	0.0000	8.3600	8.3600
837	0.0000	0.0000	8.3698	8.3698
838	0.0000	0.0000	8.3798	8.3798
839	0.0000	0.0000	8.3899	8.3899
840	0.0000	0.0000	8.4000	8.4000
841	0.0000	0.0000	8.4097	8.4097
842	0.0000	0.0000	8.4198	8.4198
843	0.0000	0.0000	8.4299	8.4299
844	0.0000	0.0000	8.4399	8.4399
845	0.0000	0.0000	8.4497	8.4497
846	0.0000	0.0000	8.4598	8.4598
847	0.0000	0.0000	8.4698	8.4698
848	0.0000	0.0000	8.4799	8.4799
849	0.0000	0.0000	8.4900	8.4900
850	0.0000	0.0000	8.4998	8.4998
851	0.0000	0.0000	8.5098	8.5098
852	0.0000	0.0000	8.5199	8.5199
853	0.0000	0.0000	8.5300	8.5300
854	0.0000	0.0000	8.5397	8.5397
855	0.0000	0.0000	8.5498	8.5498
856	0.0000	0.0000	8.5599	8.5599
857	0.0000	0.0000	8.5699	8.5699
858	0.0000	0.0000	8.5797	8.5797
859	0.0000	0.0000	8.5898	8.5898
860	0.0000	0.0000	8.5999	8.5999
861	0.0000	0.0000	8.6099	8.6099
862	0.0000	0.0000	8.6200	8.6200
863	0.0000	0.0000	8.6298	8.6298
864	0.0000	0.0000	8.6398	8.6398
865	0.0000	0.0000	8.6499	8.6499
866	0.0000	0.0000	8.6600	8.6600
867	0.0000	0.0000	8.6697	8.6697
868	0.0000	0.0000	8.6798	8.6798
869	0.0000	0.0000	8.6899	8.6899
870	0.0000	0.0000	8.7000	8.7000
871	0.0000	0.0000	8.7097	8.7097
872	0.0000	0.0000	8.7198	8.7198
873	0.0000	0.0000	8.7299	8.7299
874	0.0000	0.0000	8.7399	8.7399
875	0.0000	0.0000	8.7500	8.7500
876	0.0000	0.0000	8.7598	8.7598
877	0.0000	0.0000	8.7698	8.7698
878	0.0000	0.0000	8.7799	8.7799
879	0.0000	0.0000	8.7900	8.7900
880	0.0000	0.0000	8.7997	8.7997
881	0.0000	0.0000	8.8098	8.8098
882	0.0000	0.0000	8.8199	8.8199
883	0.0000	0.0000	8.8300	8.8300
884	0.0000	0.0000	8.8397	8.8397
885	0.0000	0.0000	8.8498	8.8498
886	0.0000	0.0000	8.8599	8.8599
887	0.0000	0.0000	8.8699	8.8699
888	0.0000	0.0000	8.8797	8.8797
889	0.0000	0.0000	8.8898	8.8898
890	0.0000	0.0000	8.8998	8.8998
891	0.0000	0.0000	8.9099	8.9099
892	0.0000	0.0000	8.9200	8.9200
893	0.0000	0.0000	8.9297	8.9297
894	0.0000	0.0000	8.9398	8.9398
895	0.0000	0.0000	8.9499	8.9499
896	0.0000	0.0000	8.9600	8.9600
897	0.0000	0.0000	8.9697	8.9697
898	0.0000	0.0000	8.9798	8.9798
899	0.0000	0.0000	8.9899	8.9899
900	0.0000	0.0000	8.9999	8.9999
901	0.0000	0.0000	9.0097	9.0097
902	0.0000	0.0000	9.0198	9.0198
903	0.0000	0.0000	9.0298	9.0298
904	0.0000	0.0000	9.0399	9.0399
905	0.0000	0.0000	9.0500	9.0500
906	0.0000	0.0000	9.0598	9.0598
907	0.0000	0.0000	9.0698	9.0698
908	0.0000	0.0000	9.0799	9.0799
909	0.0000	0.0000	9.0900	9.0900
910	0.0000	0.0000	9.0997	9.0997
911	0.0000	0.0000	9.1098	9.1098
912	0.0000	0.0000	9.1199	9.1199
913	0.0000	0.0000	9.1299	9.1299
914	0.0000	0.0000	9.1397	9.1397
915	0.0000	0.0000	9.1498	9.1498
916	0.0000	0.0000	9.1599	9.1599
917	0.0000	0.0000	9.1699	9.1699
918	0.0000	0.0000	9.1800	9.1800
919	0.0000	0.0000	9.1898	9.1898
920	0.0000	0.0000	9.1998	9.1998
921	0.0000	0.0000	9.2099	9.2099
922	0.0000	0.0000	9.2200	9.2200
923	0.0000	0.0000	9.2297	9.2297
924	0.0000	0.0000	9.2398	9.2398
925	0.0000	0.0000	9.2499	9.2499
926	0.0000	0.0000	9.2599	9.2599
927	0.0000	0.0000	9.2697	9.2697
928	0.0000	0.0000	9.2798	9.2798
929	0.0000	0.0000	9.2899	9.2899
930	0.0000	0.0000	9.2999	9.2999
931	0.0000	0.0000	9.3100	9.3100
932	0.0000	0.0000	9.3198	9.3198
933	0.0000	0.0000	9.3298	9.3298
934	0.0000	0.0000	9.3399	9.3399
935	0.0000	0.0000	9.3500	9.3500
936	0.0000	0.0000	9.3597	9.3597
937	0.0000	0.0000	9.3698	9.3698
938	0.0000	0.0000	9.3799	9.3799
939	0.0000	0.0000	9.3900	9.3900
940	0.0000	0.0000	9.3997	9.3997
941	0.0000	0.0000	9.4098	9.4098
942	0.0000	0.0000	9.4199	9.4199
943	0.0000	0.0000	9.4299	9.4299
944	0.0000	0.0000	9.4397	9.4397
945	0.0000	0.0000	9.4498	9.4498
946	0.0000	0.0000	9.4598	9.4598
947	0.0000	0.0000	9.4699	9.4699
948	0.0000	0.0000	9.4800	9.4800
949	0.0000	0.0000	9.4897	9.4897
950	0.0000	0.0000	9.4998	9.4998
951	0.0000	0.0000	9.5099	9.5099
952	0.0000	0.0000	9.5200	9.5200
953	0.0000	0.0000	9.5297	9.5297
954	0.0000	0.0000	9.5398	9.5398
955	0.0000	0.0000	9.5499	9.5499
956	0.0000	0.0000	9.5599	9.5599
957	0.0000	0.0000	9.5697	9.5697
958	0.0000	0.0000	9.5798	9.5798
959	0.0000	0.0000	9.5898	9.5898
960	0.0000	0.0000	9.5999	9.5999
961	0.0000	0.0000	9.6100	9.6100
962	0.0000	0.0000	9.6198	9.6198
963	0.0000	0.0000	9.6298	9.6298
964	0.0000	0.0000	9.6399	9.6399
965	0.0000	0.0000	9.6500	9.6500
966	0.0000	0.0000	9.6597	9.6597
967	0.0000	0.0000	9.6698	9.6698
968	0.0000	0.0000	9.6799	9.6799
969	0.0000	0.0000	9.6899	9.6899
970	0.0000	0.0000	9.6997	9.6997
971	0.0000	0.0000	9.7098	9.7098
972	0.0000	0.0000	9.7198	9.7198
973	0.0000	0.0000	9.7299	9.7299
974	0.0000	0.0000	9.7400	9.7400
975	0.0000	0.0000	9.7498	9.7498
976	0.0000	0.0000	9.7598	9.7598
977	0.0000	0.0000	9.7699	9.7699
978	0.0000	0.0000	9.7800	9.7800
979	0.0000	0.0000	9.7897	9.7897
980	0.0000	0.0000	9.7998	9.7998
981	0.0000	0.0000	9.8099	9.8099
982	0.0000	0.0000	9.8199	9.8199
983	0.0000	0.0000	9.8297	9.8297
984	0.0000	0.0000	9.8398	9.8398
985	0.0000	0.0000	9.8499	9.8499
986	0.0000	0.0000	9.8599	9.8599
987	0.0000	0.0000	9.8700	9.8700
988	0.0000	0.0000	9.8798	9.8798
989	0.0000	0.0000	9.8898	9.8898
990	0.0000	0.0000	9.8999	9.8999
991	0.0000	0.0000	9.9100	9.9100
992	0.0000	0.0000	9.9197	9.9197
993	0.0000	0.0000	9.9298	9.9298
994	0.0000	0.0000	9.9399	9.9399
995	0.0000	0.0000	9.9500	9.9500
996	0.0000	0.0000	9.9597	9.9597
997	0.0000	0.0000	9.9698	9.9698
998	0.0000	0.0000	9.9799	9.9799
999	0.0000	0.0000	9.9899	9.9899
1000	0.0000	0.0000	9.9997	9.9997
1001	0.0998	0.0000	0.0098	0.0098
1002	0.0998	0.0000	0.0198	0.0198
1003	0.0998	0.0000	0.0299	0.0299
1004	0.0998	0.0000	0.0400	0.0400
1005	0.0998	0.0000	0.0497	0.0497
1006	0.0998	0.0000	0.0598	0.0598
1007	0.0998	0.0000	0.0699	0.0699
1008	0.0998	0.0000	0.0800	0.0800
1009	0.0998	0.0000	0.0897	0.0897
1010	0.0998	0.0000	0.0998	0.0998
1011	0.0998	0.0000	0.1099	0.1099
1012	0.0998	0.0000	0.1199	0.1199
1013	0.0998	0.0000	0.1297	0.1297
1014	0.0998	0.0000	0.1398	0.1398
1015	0.0998	0.0000	0.1498	0.1498
1016	0.0998	0.0000	0.1599	0.1599
1017	0.0998	0.0000	0.1700	0.1700
1018	0.0998	0.0000	0.1797	0.1797
1019	0.0998	0.0000	0.1898	0.1898
1020	0.0998	0.0000	0.1999	0.1999
1021	0.0998	0.0000	0.2100	0.2100
1022	0.0998	0.0000	0.2197	0.2197
1023	0.0998	0.0000	0.2298	0.2298
1024	0.0998	0.0000	0.2399	0.2399
1025	0.0998	0.0000	0.2499	0.2499
1026	0.0998	0.0000	0.2597	0.2597
1027	0.0998	0.0000	0.2698	0.2698
1028	0.0998	0.0000	0.2798	0.2798
1029	0.0998	0.0000	0.2899	0.2899
1030	0.0998	0.0000	0.3000	0.3000
1031	0.0998	0.0000	0.3098	0.3098
1032	0.0998	0.0000	0.3198	0.3198
1033	0.0998	0.0000	0.3299	0.3299
1034	0.0998	0.0000	0.3400	0.3400
1035	0.0998	0.0000	0.3497	0.3497
1036	0.0998	0.0000	0.3598	0.3598
1037	0.0998	0.0000	0.3699	0.3699
1038	0.0998	0.0000	0.3799	0.3799
1039	0.0998	0.0000	0.3897	0.3897
1040	0.0998	0.0000	0.3998	0.3998
1041	0.0998	0.0000	0.4099	0.4099
1042	0.0998	0.0000	0.4199	0.4199
1043	0.0998	0.0000	0.4300	0.4300
1044	0.0998	0.0000	0.4398	0.4398
1045	0.0998	0.0000	0.4498	0.4498
1046	0.0998	0.0000	0.4599	0.4599
1047	0.0998	0.0000	0.4700	0.4700
1048	0.0998	0.0000	0.4797	0.4797
1049	0.0998	0.0000	0.4898	0.4898
1050	0.0998	0.0000	0.4999	0.4999
1051	0.0998	0.0000	0.5099	0.5099
1052	0.0998	0.0000	0.5197	0.5197
1053	0.0998	0.0000	0.5298	0.5298
1054	0.0998	0.0000	0.5399	0.5399
1055	0.0998	0.0000	0.5499	0.5499
1056	0.0998	0.0000	0.5600	0.5600
1057	0.0998	0.0000	0.5698	0.5698
1058	0.0998	0.0000	0.5798	0.5798
1059	0.0998	0.0000	0.5899	0.5899
1060	0.0998	0.0000	0.6000	0.6000
1061	0.0998	0.0000	0.6097	0.6097
1062	0.0998	0.0000	0.6198	0.6198
1063	0.0998	0.0000	0.6299	0.6299
1064	0.0998	0.0000	0.6400	0.6400
1065	0.0998	0.0000	0.6497	0.6497
1066	0.0998	0.0000	0.6598	0.6598
1067	0.0998	0.0000	0.6699	0.6699
1068	0.0998	0.0000	0.6799	0.6799
1069	0.0998	0.0000	0.6897	0.6897
1070	0.0998	0.0000	0.6998	0.6998
1071	0.0998	0.0000	0.7098	0.7098
1072	0.0998	0.0000	0.7199	0.7199
1073	0.0998	0.0000	0.7300	0.7300
1074	0.0998	0.0000	0.7397	0.7397
1075	0.0998	0.0000	0.7498	0.7498
1076	0.0998	0.0000	0.7599	0.7599
1077	0.0998	0.0000	0.7700	0.7700
1078	0.0998	0.0000	0.7797	0.7797
1079	0.0998	0.0000	0.7898	0.7898
1080	0.0998	0.0000	0.7999	0.7999
1081	0.0998	0.0000	0.8099	0.8099
1082	0.0998	0.0000	0.8197	0.8197
1083	0.0998	0.0000	0.8298	0.8298
1084	0.0998	0.0000	0.8398	0.8398
1085	0.0998	0.0000	0.8499	0.8499
1086	0.0998	0.0000	0.8600	0.8600
1087	0.0998	0.0000	0.8698	0.8698
1088	0.0998	0.0000	0.8798	0.8798
1089	0.0998	0.0000	0.8899	0.8899
1090	0.0998	0.0000	0.9000	0.9000
1091	0.0998	0.0000	0.9097	0.9097
1092	0.0998	0.0000	0.9198	0.9198
1093	0.0998	0.0000	0.9299	0.9299
1094	0.0998	0.0000	0.9399	0.9399
1095	0.0998	0.0000	0.9497	0.9497
1096	0.0998	0.0000	0.9598	0.9598
1097	0.0998	0.0000	0.9698	0.9698
1098	0.0998	0.0000	0.9799	0.9799
1099	0.0998	0.0000	0.9900	0.9900
1100	0.0998	0.0000	0.9998	0.9998
1101	0.0998	0.0000	1.0098	1.0098
1102	0.0998	0.0000	1.0199	1.0199
1103	0.0998	0.0000	1.0300	1.0300
1104	0.0998	0.0000	1.0397	1.0397
1105	0.0998	0.0000	1.0498	1.0498
1106	0.0998	0.0000	1.0599	1.0599
1107	0.0998	0.0000	1.0699	1.0699
1108	0.0998	0.0000	1.0797	1.0797
1109	0.0998	0.0000	1.0898	1.0898
1110	0.0998	0.0000	1.0999	1.0999
1111	0.0998	0.0000	1.1099	1.1099
1112	0.0998	0.0000	1.1200	1.1200
1113	0.0998	0.0000	1.1298	1.1298
1114	0.0998	0.0000	1.1398	1.1398
1115	0.0998	0.0000	1.1499	1.1499
1116	0.0998	0.0000	1.1600	1.1600
1117	0.0998	0.0000	1.1697	1.1697
1118	0.0998	0.0000	1.1798	1.1798
1119	0.0998	0.0000	1.1899	1.1899
1120	0.0998	0.0000	1.2000	1.2000
1121	0.0998	0.0000	1.2097	1.2097
1122	0.0998	0.0000	1.2198	1.2198
1123	0.0998	0.0000	1.2299	1.2299
1124	0.0998	0.0000	1.2399	1.2399
1125	0.0998	0.0000	1.2500	1.2500
1126	0.0998	0.0000	1.2598	1.2598
1127	0.0998	0.0000	1.2698	1.2698
1128	0.0998	0.0000	1.2799	1.2799
1129	0.0998	0.0000	1.2900	1.2900
1130	0.0998	0.0000	1.2997	1.2997
1131	0.0998	0.0000	1.3098	1.3098
1132	0.0998	0.0000	1.3199	1.3199
1133	0.0998	0.0000	1.3300	1.3300
1134	0.0998	0.0000	1.3397	1.3397
1135	0.0998	0.0000	1.3498	1.3498
1136	0.0998	0.0000	1.3599	1.3599
1137	0.0998	0.0000	1.3699	1.3699
1138	0.0998	0.0000	1.3797	1.3797
1139	0.0998	0.0000	1.3898	1.3898
1140	0.0998	0.0000	1.3998	1.3998
1141	0.0998	0.0000	1.4099	1.4099
1142	0.0998	0.0000	1.4200	1.4200
1143	0.0998	0.0000	1.4297	1.4297
1144	0.0998	0.0000	1.4398	1.4398
1145	0.0998	0.0000	1.4499	1.4499
1146	0.0998	0.0000	1.4600	1.4600
1147	0.0998	0.0000	1.4697	1.4697
1148	0.0998	0.0000	1.4798	1.4798
1149	0.0998	0.0000	1.4899	1.4899
1150	0.0998	0.0000	1.4999	1.4999
1151	0.0998	0.0000	1.5097	1.5097
1152	0.0998	0.0000	1.5198	1.5198
1153	0.0998	0.0000	1.5298	1.5298
1154	0.0998	0.0000	1.5399	1.5399
1155	0.0998	0.0000	1.5500	1.5500
1156	0.0998	0.0000	1.5598	1.5598
1157	0.0998	0.0000	1.5698	1.5698
1158	0.0998	0.0000	1.5799	1.5799
1159	0.0998	0.0000	1.5900	1.5900
1160	0.0998	0.0000	1.5997	1.5997
1161	0.0998	0.0000	1.6098	1.6098
1162	0.0998	0.0000	1.6199	1.6199
1163	0.0998	0.0000	1.6299	1.6299
1164	0.0998	0.0000	1.6397	1.6397
1165	0.0998	0.0000	1.6498	1.6498
1166	0.0998	0.0000	1.6599	1.6599
1167	0.0998	0.0000	1.6699	1.6699
1168	0.0998	0.0000	1.6800	1.6800
1169	0.0998	0.0000	1.6898	1.6898
1170	0.0998	0.0000	1.6998	1.6998
1171	0.0998	0.0000	1.7099	1.7099
1172	0.0998	0.0000	1.7200	1.7200
1173	0.0998	0.0000	1.7297	1.7297
1174	0.0998	0.0000	1.7398	1.7398
1175	0.0998	0.0000	1.7499	1.7499
1176	0.0998	0.0000	1.7599	1.7599
1177	0.0998	0.0000	1.7697	1.7697
1178	0.0998	0.0000	1.7798	1.7798
1179	0.0998	0.0000	1.7899	1.7899
1180	0.0998	0.0000	1.7999	1.7999
1181	0.0998	0.0000	1.8100	1.8100
1182	0.0998	0.0000	1.8198	1.8198
1183	0.0998	0.0000	1.8298	1.8298
1184	0.0998	0.0000	1.8399	1.8399
1185	0.0998	0.0000	1.8500	1.8500
1186	0.0998	0.0000	1.8597	1.8597
1187	0.0998	0.0000	1.8698	1.8698
1188	0.0998	0.0000	1.8799	1.8799
1189	0.0998	0.0000	1.8900	1.8900
1190	0.0998	0.0000	1.8997	1.8997
1191	0.0998	0.0000	1.9098	1.9098
1192	0.0998	0.0000	1.9199	1.9199
1193	0.0998	0.0000	1.9299	1.9299
1194	0.0998	0.0000	1.9397	1.9397
1195	0.0998	0.0000	1.9498	1.9498
1196	0.0998	0.0000	1.9598	1.9598
1197	0.0998	0.0000	1.9699	1.9699
1198	0.0998	0.0000	1.9800	1.9800
1199	0.0998	0.0000	1.9897	1.9897
1200	0.0998	0.0000	1.9998	1.9998
1201	0.0998	0.0000	2.0099	2.0099
1202	0.0998	0.0000	2.0200	2.0200
1203	0.0998	0.0000	2.0297	2.0297
1204	0.0998	0.0000	2.0398	2.0398
1205	0.0998	0.0000	2.0499	2.0499
1206	0.0998	0.0000	2.0599	2.0599
1207	0.0998	0.0000	2.0697	2.0697
1208	0.0998	0.0000	2.0798	2.0798
1209	0.0998	0.0000	2.0898	2.0898
1210	0.0998	0.0000	2.0999	2.0999
1211	0.0998	0.0000	2.1100	2.1100
1212	0.0998	0.0000	2.1198	2.1198
1213	0.0998	0.0000	2.1298	2.1298
1214	0.0998	0.0000	2.1399	2.1399
1215	0.0998	0.0000	2.1500	2.1500
1216	0.0998	0.0000	2.1597	2.1597
1217	0.0998	0.0000	2.1698	2.1698
1218	0.0998	0.0000	2.1799	2.1799
1219	0.0998	0.0000	2.1899	2.1899
1220	0.0998	0.0000	2.1997	2.1997
1221	0.0998	0.0000	2.2098	2.2098
1222	0.0998	0.0000	2.2198	2.2198
1223	0.0998	0.0000	2.2299	2.2299
1224	0.0998	0.0000	2.2400	2.2400
1225	0.0998	0.0000	2.2498	2.2498
1226	0.0998	0.0000	2.2598	2.2598
1227	0.0998	0.0000	2.2699	2.2699
1228	0.0998	0.0000	2.2800	2.2800
1229	0.0998	0.0000	2.2897	2.2897
1230	0.0998	0.0000	2.2998	2.2998
1231	0.0998	0.0000	2.3099	2.3099
1232	0.0998	0.0000	2.3199	2.3199
1233	0.0998	0.0000	2.3297	2.3297
1234	0.0998	0.0000	2.3398	2.3398
1235	0.0998	0.0000	2.3499	2.3499
1236	0.0998	0.0000	2.3599	2.3599
1237	0.0998	0.0000	2.3700	2.3700
1238	0.0998	0.0000	2.3798	2.3798
1239	0.0998	0.0000	2.3898	2.3898
1240	0.0998	0.0000	2.3999	2.3999
1241	0.0998	0.0000	2.4100	2.4100
1242	0.0998	0.0000	2.4197	2.4197
1243	0.0998	0.0000	2.4298	2.4298
1244	0.0998	0.0000	2.4399	2.4399
1245	0.0998	0.0000	2.4500	2.4500
1246	0.0998	0.0000	2.4597	2.4597
1247	0.0998	0.0000	2.4698	2.4698
1248	0.0998	0.0000	2.4799	2.4799
1249	0.0998	0.0000	2.4899	2.4899
1250	0.0998	0.0000	2.5000	2.5000
1251	0.0998	0.0000	2.5098	2.5098
1252	0.0998	0.0000	2.5198	2.5198
1253	0.0998	0.0000	2.5299	2.5299
1254	0.0998	0.0000	2.5400	2.5400
1255	0.0998	0.0000	2.5497	2.5497
1256	0.0998	0.0000	2.5598	2.5598
1257	0.0998	0.0000	2.5699	2.5699
1258	0.0998	0.0000	2.5800	2.5800
1259	0.0998	0.0000	2.5897	2.5897
1260	0.0998	0.0000	2.5998	2.5998
1261	0.0998	0.0000	2.6099	2.6099
1262	0.0998	0.0000	2.6199	2.6199
1263	0.0998	0.0000	2.6297	2.6297
1264	0.0998	0.0000	2.6398	2.6398
1265	0.0998	0.0000	2.6498	2.6498
1266	0.0998	0.0000	2.6599	2.6599
1267	0.0998	0.0000	2.6700	2.6700
1268	0.0998	0.0000	2.6797	2.6797
1269	0.0998	0.0000	2.6898	2.6898
1270	0.0998	0.0000	2.6999	2.6999
1271	0.0998	0.0000	2.7100	2.7100
1272	0.0998	0.0000	2.7197	2.7197
1273	0.0998	0.0000	2.7298	2.7298
1274	0.0998	0.0000	2.7399	2.7399
1275	0.0998	0.0000	2.7499	2.7499
1276	0.0998	0.0000	2.7597	2.7597
1277	0.0998	0.0000	2.7698	2.7698
1278	0.0998	0.0000	2.7798	2.7798
1279	0.0998	0.0000	2.7899	2.7899
1280	0.0998	0.0000	2.8000	2.8000
1281	0.0998	0.0000	2.8098	2.8098
1282	0.0998	0.0000	2.8198	2.8198
1283	0.0998	0.0000	2.8299	2.8299
1284	0.0998	0.0000	2.8400	2.8400
1285	0.0998	0.0000	2.8497	2.8497
1286	0.0998	0.0000	2.8598	2.8598
1287	0.0998	0.0000	2.8699	2.8699
1288	0.0998	0.0000	2.8799	2.8799
1289	0.0998	0.0000	2.8897	2.8897
1290	0.0998	0.0000	2.8998	2.8998
1291	0.0998	0.0000	2.9099	2.9099
1292	0.0998	0.0000	2.9199	2.9199
1293	0.0998	0.0000	2.9300	2.9300
1294	0.0998	0.0000	2.9398	2.9398
1295	0.0998	0.0000	2.9498	2.9498
1296	0.0998	0.0000	2.9599	2.9599
1297	0.0998	0.0000	2.9700	2.9700
1298	0.0998	0.0000	2.9797	2.9797
1299	0.0998	0.0000	2.9898	2.9898
1300	0.0998	0.0000	2.9999	2.9999
1301	0.0998	0.0000	3.0099	3.0099
1302	0.0998	0.0000	3.0197	3.0197
1303	0.0998	0.0000	3.0298	3.0298
1304	0.0998	0.0000	3.0399	3.0399
1305	0.0998	0.0000	3.0499	3.0499
1306	0.0998	0.0000	3.0600	3.0600
1307	0.0998	0.0000	3.0698	3.0698
1308	0.0998	0.0000	3.0798	3.0798
1309	0.0998	0.0000	3.0899	3.0899
1310	0.0998	0.0000	3.1000	3.1000
1311	0.0998	0.0000	3.1097	3.1097
1312	0.0998	0.0000	3.1198	3.1198
1313	0.0998	0.0000	3.1299	3.1299
1314	0.0998	0.0000	3.1400	3.1400
1315	0.0998	0.0000	3.1497	3.1497
1316	0.0998	0.0000	3.1598	3.1598
1317	0.0998	0.0000	3.1699	3.1699
1318	0.0998	0.0000	3.1799	3.1799
1319	0.0998	0.0000	3.1897	3.1897
1320	0.0998	0.0000	3.1998	3.1998
1321	0.0998	0.0000	3.2098	3.2098
1322	0.0998	0.0000	3.2199	3.2199
1323	0.0998	0.0000	3.2300	3.2300
1324	0.0998	0.0000	3.2397	3.2397
1325	0.0998	0.0000	3.2498	3.2498
1326	0.0998	0.0000	3.2599	3.2599
1327	0.0998	0.0000	3.2700	3.2700
1328	0.0998	0.0000	3.2797	3.2797
1329	0.0998	0.0000	3.2898	3.2898
1330	0.0998	0.0000	3.2999	3.2999
1331	0.0998	0.0000	3.3099	3.3099
1332	0.0998	0.0000	3.3197	3.3197
1333	0.0998	0.0000	3.3298	3.3298
1334	0.0998	0.0000	3.3398	3.3398
1335	0.0998	0.0000	3.3499	3.3499
1336	0.0998	0.0000	3.3600	3.3600
1337	0.0998	0.0000	3.3698	3.3698
1338	0.0998	0.0000	3.3798	3.3798
1339	0.0998	0.0000	3.3899	3.3899
1340	0.0998	0.0000	3.4000	3.4000
1341	0.0998	0.0000	3.4097	3.4097
1342	0.0998	0.0000	3.4198	3.4198
1343	0.0998	0.0000	3.4299	3.4299
1344	0.0998	0.0000	3.4399	3.4399
1345	0.0998	0.0000	3.4497	3.4497
1346	0.0998	0.0000	3.4598	3.4598
1347	0.0998	0.0000	3.4698	3.4698
1348	0.0998	0.0000	3.4799	3.4799
1349	0.0998	0.0000	3.4900	3.4900
1350	0.0998	0.0000	3.4998	3.4998
1351	0.0998	0.0000	3.5098	3.5098
1352	0.0998	0.0000	3.5199	3.5199
1353	0.0998	0.0000	3.5300	3.5300
1354	0.0998	0.0000	3.5397	3.5397
1355	0.0998	0.0000	3.5498	3.5498
1356	0.0998	0.0000	3.5599	3.5599
1357	0.0998	0.0000	3.5699	3.5699
1358	0.0998	0.0000	3.5797	3.5797
1359	0.0998	0.0000	3.5898	3.5898
1360	0.0998	0.0000	3.5999	3.5999
1361	0.0998	0.0000	3.6099	3.6099
1362	0.0998	0.0000	3.6200	3.6200
1363	0.0998	0.0000	3.6298	3.6298
1364	0.0998	0.0000	3.6398	3.6398
1365	0.0998	0.0000	3.6499	3.6499
1366	0.0998	0.0000	3.6600	3.6600
1367	0.0998	0.0000	3.6697	3.6697
1368	0.0998	0.0000	3.6798	3.6798
1369	0.0998	0.0000	3.6899	3.6899
1370	0.0998	0.0000	3.7000	3.7000
1371	0.0998	0.0000	3.7097	3.7097
1372	0.0998	0.0000	3.7198	3.7198
1373	0.0998	0.0000	3.7299	3.7299
1374	0.0998	0.0000	3.7399	3.7399
1375	0.0998	0.0000	3.7500	3.7500
1376	0.0998	0.0000	3.7598	3.7598
1377	0.0998	0.0000	3.7698	3.7698
1378	0.0998	0.0000	3.7799	3.7799
1379	0.0998	0.0000	3.7900	3.7900
1380	0.0998	0.0000	3.7997	3.7997
1381	0.0998	0.0000	3.8098	3.8098
1382	0.0998	0.0000	3.8199	3.8199
1383	0.0998	0.0000	3.8300	3.8300
1384	0.0998	0.0000	3.8397	3.8397
1385	0.0998	0.0000	3.8498	3.8498
1386	0.0998	0.0000	3.8599	3.8599
1387	0.0998	0.0000	3.8699	3.8699
1388	0.0998	0.0000	3.8797	3.8797
1389	0.0998	0.0000	3.8898	3.8898
1390	0.0998	0.0000	3.8998	3.8998
1391	0.0998	0.0000	3.9099	3.9099
1392	0.0998	0.0000	3.9200	3.9200
1393	0.0998	0.0000	3.9297	3.9297
1394	0.0998	0.0000	3.9398	3.9398
1395	0.0998	0.0000	3.9499	3.9499
1396	0.0998	0.0000	3.9600	3.9600
1397	0.0998	0.0000	3.9697	3.9697
1398	0.0998	0.0000	3.9798	3.9798
1399	0.0998	0.0000	3.9899	3.9899
1400	0.0998	0.0000	3.9999	3.9999
1401	0.0998	0.0000	4.0097	4.0097
1402	0.0998	0.0000	4.0198	4.0198
1403	0.0998	0.0000	4.0298	4.0298
1404	0.0998	0.0000	4.0399	4.0399
1405	0.0998	0.0000	4.0500	4.0500
1406	0.0998	0.0000	4.0598	4.0598
1407	0.0998	0.0000	4.0698	4.0698
1408	0.0998	0.0000	4.0799	4.0799
1409	0.0998	0.0000	4.0900	4.0900
1410	0.0998	0.0000	4.0997	4.0997
1411	0.0998	0.0000	4.1098	4.1098
1412	0.0998	0.0000	4.1199	4.1199
1413	0.0998	0.0000	4.1299	4.1299
1414	0.0998	0.0000	4.1397	4.1397
1415	0.0998	0.0000	4.1498	4.1498
1416	0.0998	0.0000	4.1599	4.1599
1417	0.0998	0.0000	4.1699	4.1699
1418	0.0998	0.0000	4.1800	4.1800
1419	0.0998	0.0000	4.1898	4.1898
1420	0.0998	0.0000	4.1998	4.1998
1421	0.0998	0.0000	4.2099	4.2099
1422	0.0998	0.0000	4.2200	4.2200
1423	0.0998	0.0000	4.2297	4.2297
1424	0.0998	0.0000	4.2398	4.2398
1425	0.0998	0.0000	4.2499	4.2499
1426	0.0998	0.0000	4.2599	4.2599
1427	0.0998	0.0000	4.2697	4.2697
1428	0.0998	0.0000	4.2798	4.2798
1429	0.0998	0.0000	4.2899	4.2899
1430	0.0998	0.0000	4.2999	4.2999
1431	0.0998	0.0000	4.3100	4.3100
1432	0.0998	0.0000	4.3198	4.3198
1433	0.0998	0.0000	4.3298	4.3298
1434	0.0998	0.0000	4.3399	4.3399
1435	0.0998	0.0000	4.3500	4.3500
1436	0.0998	0.0000	4.3597	4.3597
1437	0.0998	0.0000	4.3698	4.3698
1438	0.0998	0.0000	4.3799	4.3799
1439	0.0998	0.0000	4.3900	4.3900
1440	0.0998	0.0000	4.3997	4.3997
1441	0.0998	0.0000	4.4098	4.4098
1442	0.0998	0.0000	4.4199	4.4199
1443	0.0998	0.0000	4.4299	4.4299
1444	0.0998	0.0000	4.4397	4.4397
1445	0.0998	0.0000	4.4498	4.4498
1446	0.0998	0.0000	4.4598	4.4598
1447	0.0998	0.0000	4.4699	4.4699
1448	0.0998	0.0000	4.4800	4.4800
1449	0.0998	0.0000	4.4897	4.4897
1450	0.0998	0.0000	4.4998	4.4998
1451	0.0998	0.0000	4.5099	4.5099
1452	0.0998	0.0000	4.5200	4.5200
1453	0.0998	0.0000	4.5297	4.5297
1454	0.0998	0.0000	4.5398	4.5398
1455	0.0998	0.0000	4.5499	4.5499
1456	0.0998	0.0000	4.5599	4.5599
1457	0.0998	0.0000	4.5697	4.5697
1458	0.0998	0.0000	4.5798	4.5798
1459	0.0998	0.0000	4.5898	4.5898
1460	0.0998	0.0000	4.5999	4.5999
1461	0.0998	0.0000	4.6100	4.6100
1462	0.0998	0.0000	4.6198	4.6198
1463	0.0998	0.0000	4.6298	4.6298
1464	0.0998	0.0000	4.6399	4.6399
1465	0.0998	0.0000	4.6500	4.6500
1466	0.0998	0.0000	4.6597	4.6597
1467	0.0998	0.0000	4.6698	4.6698
1468	0.0998	0.0000	4.6799	4.6799
1469	0.0998	0.0000	4.6899	4.6899
1470	0.0998	0.0000	4.6997	4.6997
1471	0.0998	0.0000	4.7098	4.7098
1472	0.0998	0.0000	4.7198	4.7198
1473	0.0998	0.0000	4.7299	4.7299
1474	0.0998	0.0000	4.7400	4.7400
1475	0.0998	0.0000	4.7498	4.7498
1476	0.0998	0.0000	4.7598	4.7598
1477	0.0998	0.0000	4.7699	4.7699
1478	0.0998	0.0000	4.7800	4.7800
1479	0.0998	0.0000	4.7897	4.7897
1480	0.0998	0.0000	4.7998	4.7998
1481	0.0998	0.0000	4.8099	4.8099
1482	0.0998	0.0000	4.8199	4.8199
1483	0.0998	0.0000	4.8297	4.8297
1484	0.0998	0.0000	4.8398	4.8398
1485	0.0998	0.0000	4.8499	4.8499
1486	0.0998	0.0000	4.8599	4.8599
1487	0.0998	0.0000	4.8700	4.8700
1488	0.0998	0.0000	4.8798	4.8798
1489	0.0998	0.0000	4.8898	4.8898
1490	0.0998	0.0000	4.8999	4.8999
1491	0.0998	0.0000	4.9100	4.9100
1492	0.0998	0.0000	4.9197	4.9197
1493	0.0998	0.0000	4.9298	4.9298
1494	0.0998	0.0000	4.9399	4.9399
1495	0.0998	0.0000	4.9500	4.9500
1496	0.0998	0.0000	4.9597	4.9597
1497	0.0998	0.0000	4.9698	4.9698
1498	0.0998	0.0000	4.9799	4.9799
1499	0.0998	0.0000	4.9899	4.9899
1500	0.0998	0.0000	5.0000	5.0000
1501	0.0998	0.0000	5.0098	5.0098
1502	0.0998	0.0000	5.0198	5.0198
1503	0.0998	0.0000	5.0299	5.0299
1504	0.0998	0.0000	5.0400	5.0400
1505	0.0998	0.0000	5.0497	5.0497
1506	0.0998	0.0000	5.0598	5.0598
1507	0.0998	0.0000	5.0699	5.0699
1508	0.0998	0.0000	5.0800	5.0800
1509	0.0998	0.0000	5.0897	5.0897
1510	0.0998	0.0000	5.0998	5.0998
1511	0.0998	0.0000	5.1099	5.1099
1512	0.0998	0.0000	5.1199	5.1199
1513	0.0998	0.0000	5.1297	5.1297
1514	0.0998	0.0000	5.1398	5.1398
1515	0.0998	0.0000	5.1498	5.1498
1516	0.0998	0.0000	5.1599	5.1599
1517	0.0998	0.0000	5.1700	5.1700
1518	0.0998	0.0000	5.1797	5.1797
1519	0.0998	0.0000	5.1898	5.1898
1520	0.0998	0.0000	5.1999	5.1999
1521	0.0998	0.0000	5.2100	5.2100
1522	0.0998	0.0000	5.2197	5.2197
1523	0.0998	0.0000	5.2298	5.2298
1524	0.0998	0.0000	5.2399	5.2399
1525	0.0998	0.0000	5.2499	5.2499
1526	0.0998	0.0000	5.2597	5.2597
1527	0.0998	0.0000	5.2698	5.2698
1528	0.0998	0.0000	5.2798	5.2798
1529	0.0998	0.0000	5.2899	5.2899
1530	0.0998	0.0000	5.3000	5.3000
1531	0.0998	0.0000	5.3098	5.3098
1532	0.0998	0.0000	5.3198	5.3198
1533	0.0998	0.0000	5.3299	5.3299
1534	0.0998	0.0000	5.3400	5.3400
1535	0.0998	0.0000	5.3497	5.3497
1536	0.0998	0.0000	5.3598	5.3598
1537	0.0998	0.0000	5.3699	5.3699
1538	0.0998	0.0000	5.3799	5.3799
1539	0.0998	0.0000	5.3897	5.3897
1540	0.0998	0.0000	5.3998	5.3998
1541	0.0998	0.0000	5.4099	5.4099
1542	0.0998	0.0000	5.4199	5.4199
1543	0.0998	0.0000	5.4300	5.4300
1544	0.0998	0.0000	5.4398	5.4398
1545	0.0998	0.0000	5.4498	5.4498
1546	0.0998	0.0000	5.4599	5.4599
1547	0.0998	0.0000	5.4700	5.4700
1548	0.0998	0.0000	5.4797	5.4797
1549	0.0998	0.0000	5.4898	5.4898
1550	0.0998	0.0000	5.4999	5.4999
1551	0.0998	0.0000	5.5099	5.5099
1552	0.0998	0.0000	5.5197	5.5197
1553	0.0998	0.0000	5.5298	5.5298
1554	0.0998	0.0000	5.5399	5.5399
1555	0.0998	0.0000	5.5499	5.5499
1556	0.0998	0.0000	5.5600	5.5600
1557	0.0998	0.0000	5.5698	5.5698
1558	0.0998	0.0000	5.5798	5.5798
1559	0.0998	0.0000	5.5899	5.5899
1560	0.0998	0.0000	5.6000	5.6000
1561	0.0998	0.0000	5.6097	5.6097
1562	0.0998	0.0000	5.6198	5.6198
1563	0.0998	0.0000	5.6299	5.6299
1564	0.0998	0.0000	5.6400	5.6400
1565	0.0998	0.0000	5.6497	5.6497
1566	0.0998	0.0000	5.6598	5.6598
1567	0.0998	0.0000	5.6699	5.6699
1568	0.0998	0.0000	5.6799	5.6799
1569	0.0998	0.0000	5.6897	5.6897
1570	0.0998	0.0000	5.6998	5.6998
1571	0.0998	0.0000	5.7098	5.7098
1572	0.0998	0.0000	5.7199	5.7199
1573	0.0998	0.0000	5.7300	5.7300
1574	0.0998	0.0000	5.7397	5.7397
1575	0.0998	0.0000	5.7498	5.7498
1576	0.0998	0.0000	5.7599	5.7599
1577	0.0998	0.0000	5.7700	5.7700
1578	0.0998	0.0000	5.7797	5.7797
1579	0.0998	0.0000	5.7898	5.7898
1580	0.0998	0.0000	5.7999	5.7999
1581	0.0998	0.0000	5.8099	5.8099
1582	0.0998	0.0000	5.8197	5.8197
1583	0.0998	0.0000	5.8298	5.8298
1584	0.0998	0.0000	5.8398	5.8398
1585	0.0998	0.0000	5.8499	5.8499
1586	0.0998	0.0000	5.8600	5.8600
1587	0.0998	0.0000	5.8698	5.8698
1588	0.0998	0.0000	5.8798	5.8798
1589	0.0998	0.0000	5.8899	5.8899
1590	0.0998	0.0000	5.9000	5.9000
1591	0.0998	0.0000	5.9097	5.9097
1592	0.0998	0.0000	5.9198	5.9198
1593	0.0998	0.0000	5.9299	5.9299
1594	0.0998	0.0000	5.9399	5.9399
1595	0.0998	0.0000	5.9497	5.9497
1596	0.0998	0.0000	5.9598	5.9598
1597	0.0998	0.0000	5.9698	5.9698
1598	0.0998	0.0000	5.9799	5.9799
1599	0.0998	0.0000	5.9900	5.9900
1600	0.0998	0.0000	5.9998	5.9998
1601	0.0998	0.0000	6.0098	6.0098
1602	0.0998	0.0000	6.0199	6.0199
1603	0.0998	0.0000	6.0300	6.0300
1604	0.0998	0.0000	6.0397	6.0397
1605	0.0998	0.0000	6.0498	6.0498
1606	0.0998	0.0000	6.0599	6.0599
1607	0.0998	0.0000	6.0699	6.0699
1608	0.0998	0.0000	6.0797	6.0797
1609	0.0998	0.0000	6.0898	6.0898
1610	0.0998	0.0000	6.0999	6.0999
1611	0.0998	0.0000	6.1099	6.1099
1612	0.0998	0.0000	6.1200	6.1200
1613	0.0998	0.0000	6.1298	6.1298
1614	0.0998	0.0000	6.1398	6.1398
1615	0.0998	0.0000	6.1499	6.1499
1616	0.0998	0.0000	6.1600	6.1600
1617	0.0998	0.0000	6.1697	6.1697
1618	0.0998	0.0000	6.1798	6.1798
1619	0.0998	0.0000	6.1899	6.1899
1620	0.0998	0.0000	6.2000	6.2000
1621	0.0998	0.0000	6.2097	6.2097
1622	0.0998	0.0000	6.2198	6.2198
1623	0.0998	0.0000	6.2299	6.2299
1624	0.0998	0.0000	6.2399	6.2399
1625	0.0998	0.0000	6.2500	6.2500
1626	0.0998	0.0000	6.2598	6.2598
1627	0.0998	0.0000	6.2698	6.2698
1628	0.0998	0.0000	6.2799	6.2799
1629	0.0998	0.0000	6.2900	6.2900
1630	0.0998	0.0000	6.2997	6.2997
1631	0.0998	0.0000	6.3098	6.3098
1632	0.0998	0.0000	6.3199	6.3199
1633	0.0998	0.0000	6.3300	6.3300
1634	0.0998	0.0000	6.3397	6.3397
1635	0.0998	0.0000	6.3498	6.3498
1636	0.0998	0.0000	6.3599	6.3599
1637	0.0998	0.0000	6.3699	6.3699
1638	0.0998	0.0000	6.3797	6.3797
1639	0.0998	0.0000	6.3898	6.3898
1640	0.0998	0.0000	6.3998	6.3998
1641	0.0998	0.0000	6.4099	6.4099
1642	0.0998	0.0000	6.4200	6.4200
1643	0.0998	0.0000	6.4297	6.4297
1644	0.0998	0.0000	6.4398	6.4398
1645	0.0998	0.0000	6.4499	6.4499
1646	0.0998	0.0000	6.4600	6.4600
1647	0.0998	0.0000	6.4697	6.4697
1648	0.0998	0.0000	6.4798	6.4798
1649	0.0998	0.0000	6.4899	6.4899
1650	0.0998	0.0000	6.4999	6.4999
1651	0.0998	0.0000	6.5097	6.5097
1652	0.0998	0.0000	6.5198	6.5198
1653	0.0998	0.0000	6.5298	6.5298
1654	0.0998	0.0000	6.5399	6.5399
1655	0.0998	0.0000	6.5500	6.5500
1656	0.0998	0.0000	6.5598	6.5598
1657	0.0998	0.0000	6.5698	6.5698
1658	0.0998	0.0000	6.5799	6.5799
1659	0.0998	0.0000	6.5900	6.5900
1660	0.0998	0.0000	6.5997	6.5997
1661	0.0998	0.0000	6.6098	6.6098
1662	0.0998	0.0000	6.6199	6.6199
1663	0.0998	0.0000	6.6299	6.6299
1664	0.0998	0.0000	6.6397	6.6397
1665	0.0998	0.0000	6.6498	6.6498
1666	0.0998	0.0000	6.6599	6.6599
1667	0.0998	0.0000	6.6699	6.6699
1668	0.0998	0.0000	6.6800	6.6800
1669	0.0998	0.0000	6.6898	6.6898
1670	0.0998	0.0000	6.6998	6.6998
1671	0.0998	0.0000	6.7099	6.7099
1672	0.0998	0.0000	6.7200	6.7200
1673	0.0998	0.0000	6.7297	6.7297
1674	0.0998	0.0000	6.7398	6.7398
1675	0.0998	0.0000	6.7499	6.7499
1676	0.0998	0.0000	6.7599	6.7599
1677	0.0998	0.0000	6.7697	6.7697
1678	0.0998	0.0000	6.7798	6.7798
1679	0.0998	0.0000	6.7899	6.7899
1680	0.0998	0.0000	6.7999	6.7999
1681	0.0998	0.0000	6.8100	6.8100
1682	0.0998	0.0000	6.8198	6.8198
1683	0.0998	0.0000	6.8298	6.8298
1684	0.0998	0.0000	6.8399	6.8399
1685	0.0998	0.0000	6.8500	6.8500
1686	0.0998	0.0000	6.8597	6.8597
1687	0.0998	0.0000	6.8698	6.8698
1688	0.0998	0.0000	6.8799	6.8799
1689	0.0998	0.0000	6.8900	6.8900
1690	0.0998	0.0000	6.8997	6.8997
1691	0.0998	0.0000	6.9098	6.9098
1692	0.0998	0.0000	6.9199	6.9199
1693	0.0998	0.0000	6.9299	6.9299
1694	0.0998	0.0000	6.9397	6.9397
1695	0.0998	0.0000	6.9498	6.9498
1696	0.0998	0.0000	6.9598	6.9598
1697	0.0998	0.0000	6.9699	6.9699
1698	0.0998	0.0000	6.9800	6.9800
1699	0.0998	0.0000	6.9897	6.9897
1700	0.0998	0.0000	6.9998	6.9998
1701	0.0998	0.0000	7.0099	7.0099
1702	0.0998	0.0000	7.0200	7.0200
1703	0.0998	0.0000	7.0297	7.0297
1704	0.0998	0.0000	7.0398	7.0398
1705	0.0998	0.0000	7.0499	7.0499
1706	0.0998	0.0000	7.0599	7.0599
1707	0.0998	0.0000	7.0697	7.0697
1708	0.0998	0.0000	7.0798	7.0798
1709	0.0998	0.0000	7.0898	7.0898
1710	0.0998	0.0000	7.0999	7.0999
1711	0.0998	0.0000	7.1100	7.1100
1712	0.0998	0.0000	7.1198	7.1198
1713	0.0998	0.0000	7.1298	7.1298
1714	0.0998	0.0000	7.1399	7.1399
1715	0.0998	0.0000	7.1500	7.1500
1716	0.0998	0.0000	7.1597	7.1597
1717	0.0998	0.0000	7.1698	7.1698
1718	0.0998	0.0000	7.1799	7.1799
1719	0.0998	0.0000	7.1899	7.1899
1720	0.0998	0.0000	7.1997	7.1997
1721	0.0998	0.0000	7.2098	7.2098
1722	0.0998	0.0000	7.2198	7.2198
1723	0.0998	0.0000	7.2299	7.2299
1724	0.0998	0.0000	7.2400	7.2400
1725	0.0998	0.0000	7.2498	7.2498
1726	0.0998	0.0000	7.2598	7.2598
1727	0.0998	0.0000	7.2699	7.2699
1728	0.0998	0.0000	7.2800	7.2800
1729	0.0998	0.0000	7.2897	7.2897
1730	0.0998	0.0000	7.2998	7.2998
1731	0.0998	0.0000	7.3099	7.3099
1732	0.0998	0.0000	7.3199	7.3199
1733	0.0998	0.0000	7.3297	7.3297
1734	0.0998	0.0000	7.3398	7.3398
1735	0.0998	0.0000	7.3499	7.3499
1736	0.0998	0.0000	7.3599	7.3599
1737	0.0998	0.0000	7.3700	7.3700
1738	0.0998	0.0000	7.3798	7.3798
1739	0.0998	0.0000	7.3898	7.3898
1740	0.0998	0.0000	7.3999	7.3999
1741	0.0998	0.0000	7.4100	7.4100
1742	0.0998	0.0000	7.4197	7.4197
1743	0.0998	0.0000	7.4298	7.4298
1744	0.0998	0.0000	7.4399	7.4399
1745	0.0998	0.0000	7.4500	7.4500
1746	0.0998	0.0000	7.4597	7.4597
1747	0.0998	0.0000	7.4698	7.4698
1748	0.0998	0.0000	7.4799	7.4799
1749	0.0998	0.0000	7.4899	7.4899
1750	0.0998	0.0000	7.5000	7.5000
1751	0.0998	0.0000	7.5098	7.5098
1752	0.0998	0.0000	7.5198	7.5198
1753	0.0998	0.0000	7.5299	7.5299
1754	0.0998	0.0000	7.5400	7.5400
1755	0.0998	0.0000	7.5497	7.5497
1756	0.0998	0.0000	7.5598	7.5598
1757	0.0998	0.0000	7.5699	7.5699
1758	0.0998	0.0000	7.5800	7.5800
1759	0.0998	0.0000	7.5897	7.5897
1760	0.0998	0.0000	7.5998	7.5998
1761	0.0998	0.0000	7.6099	7.6099
1762	0.0998	0.0000	7.6199	7.6199
1763	0.0998	0.0000	7.6297	7.6297
1764	0.0998	0.0000	7.6398	7.6398
1765	0.0998	0.0000	7.6498	7.6498
1766	0.0998	0.0000	7.6599	7.6599
1767	0.0998	0.0000	7.6700	7.6700
1768	0.0998	0.0000	7.6797	7.6797
1769	0.0998	0.0000	7.6898	7.6898
1770	0.0998	0.0000	7.6999	7.6999
1771	0.0998	0.0000	7.7100	7.7100
1772	0.0998	0.0000	7.7197	7.7197
1773	0.0998	0.0000	7.7298	7.7298
1774	0.0998	0.0000	7.7399	7.7399
1775	0.0998	0.0000	7.7499	7.7499
1776	0.0998	0.0000	7.7597	7.7597
1777	0.0998	0.0000	7.7698	7.7698
1778	0.0998	0.0000	7.7798	7.7798
1779	0.0998	0.0000	7.7899	7.7899
1780	0.0998	0.0000	7.8000	7.8000
1781	0.0998	0.0000	7.8098	7.8098
1782	0.0998	0.0000	7.8198	7.8198
1783	0.0998	0.0000	7.8299	7.8299
1784	0.0998	0.0000	7.8400	7.8400
1785	0.0998	0.0000	7.8497	7.8497
1786	0.0998	0.0000	7.8598	7.8598
1787	0.0998	0.0000	7.8699	7.8699
1788	0.0998	0.0000	7.8799	7.8799
1789	0.0998	0.0000	7.8897	7.8897
1790	0.0998	0.0000	7.8998	7.8998
1791	0.0998	0.0000	7.9099	7.9099
1792	0.0998	0.0000	7.9199	7.9199
1793	0.0998	0.0000	7.9300	7.9300
1794	0.0998	0.0000	7.9398	7.9398
1795	0.0998	0.0000	7.9498	7.9498
1796	0.0998	0.0000	7.9599	7.9599
1797	0.0998	0.0000	7.9700	7.9700
1798	0.0998	0.0000	7.9797	7.9797
1799	0.0998	0.0000	7.9898	7.9898
1800	0.0998	0.0000	7.9999	7.9999
1801	0.0998	0.0000	8.0099	8.0099
1802	0.0998	0.0000	8.0197	8.0197
1803	0.0998	0.0000	8.0298	8.0298
1804	0.0998	0.0000	8.0399	8.0399
1805	0.0998	0.0000	8.0499	8.0499
1806	0.0998	0.0000	8.0600	8.0600
1807	0.0998	0.0000	8.0698	8.0698
1808	0.0998	0.0000	8.0798	8.0798
1809	0.0998	0.0000	8.0899	8.0899
1810	0.0998	0.0000	8.1000	8.1000
1811	0.0998	0.0000	8.1097	8.1097
1812	0.0998	0.0000	8.1198	8.1198
1813	0.0998	0.0000	8.1299	8.1299
1814	0.0998	0.0000	8.1400	8.1400
1815	0.0998	0.0000	8.1497	8.1497
1816	0.0998	0.0000	8.1598	8.1598
1817	0.0998	0.0000	8.1699	8.1699
1818	0.0998	0.0000	8.1799	8.1799
1819	0.0998	0.0000	8.1897	8.1897
1820	0.0998	0.0000	8.1998	8.1998
1821	0.0998	0.0000	8.2098	8.2098
1822	0.0998	0.0000	8.2199	8.2199
1823	0.0998	0.0000	8.2300	8.2300
1824	0.0998	0.0000	8.2397	8.2397
1825	0.0998	0.0000	8.2498	8.2498
1826	0.0998	0.0000	8.2599	8.2599
1827	0.0998	0.0000	8.2700	8.2700
1828	0.0998	0.0000	8.2797	8.2797
1829	0.0998	0.0000	8.2898	8.2898
1830	0.0998	0.0000	8.2999	8.2999
1831	0.0998	0.0000	8.3099	8.3099
1832	0.0998	0.0000	8.3197	8.3197
1833	0.0998	0.0000	8.3298	8.3298
1834	0.0998	0.0000	8.3398	8.3398
1835	0.0998	0.0000	8.3499	8.3499
1836	0.0998	0.0000	8.3600	8.3600
1837	0.0998	0.0000	8.3698	8.3698
1838	0.0998	0.0000	8.3798	8.3798
1839	0.0998	0.0000	8.3899	8.3899
1840	0.0998	0.0000	8.4000	8.4000
1841	0.0998	0.0000	8.4097	8.4097
1842	0.0998	0.0000	8.4198	8.4198
1843	0.0998	0.0000	8.4299	8.4299
1844	0.0998	0.0000	8.4399	8.4399
1845	0.0998	0.0000	8.4497	8.4497
1846	0.0998	0.0000	8.4598	8.4598
1847	0.0998	0.0000	8.4698	8.4698
1848	0.0998	0.0000	8.4799	8.4799
1849	0.0998	0.0000	8.4900	8.4900
1850	0.0998	0.0000	8.4998	8.4998
1851	0.0998	0.0000	8.5098	8.5098
1852	0.0998	0.0000	8.5199	8.5199
1853	0.0998	0.0000	8.5300	8.5300
1854	0.0998	0.0000	8.5397	8.5397
1855	0.0998	0.0000	8.5498	8.5498
1856	0.0998	0.0000	8.5599	8.5599
1857	0.0998	0.0000	8.5699	8.5699
1858	0.0998	0.0000	8.5797	8.5797
1859	0.0998	0.0000	8.5898	8.5898
1860	0.0998	0.0000	8.5999	8.5999
1861	0.0998	0.0000	8.6099	8.6099
1862	0.0998	0.0000	8.6200	8.6200
1863	0.0998	0.0000	8.6298	8.6298
1864	0.0998	0.0000	8.6398	8.6398
1865	0.0998	0.0000	8.6499	8.6499
1866	0.0998	0.0000	8.6600	8.6600
1867	0.0998	0.0000	8.6697	8.6697
1868	0.0998	0.0000	8.6798	8.6798
1869	0.0998	0.0000	8.6899	8.6899
1870	0.0998	0.0000	8.7000	8.7000
1871	0.0998	0.0000	8.7097	8.7097
1872	0.0998	0.0000	8.7198	8.7198
1873	0.0998	0.0000	8.7299	8.7299
1874	0.0998	0.0000	8.7399	8.7399
1875	0.0998	0.0000	8.7500	8.7500
1876	0.0998	0.0000	8.7598	8.7598
1877	0.0998	0.0000	8.7698	8.7698
1878	0.0998	0.0000	8.7799	8.7799
1879	0.0998	0.0000	8.7900	8.7900
1880	0.0998	0.0000	8.7997	8.7997
1881	0.0998	0.0000	8.8098	8.8098
1882	0.0998	0.0000	8.8199	8.8199
1883	0.0998	0.0000	8.8300	8.8300
1884	0.0998	0.0000	8.8397	8.8397
1885	0.0998	0.0000	8.8498	8.8498
1886	0.0998	0.0000	8.8599	8.8599
1887	0.0998	0.0000	8.8699	8.8699
1888	0.0998	0.0000	8.8797	8.8797
1889	0.0998	0.0000	8.8898	8.8898
1890	0.0998	0.0000	8.8998	8.8998
1891	0.0998	0.0000	8.9099	8.9099
1892	0.0998	0.0000	8.9200	8.9200
1893	0.0998	0.0000	8.9297	8.9297
1894	0.0998	0.0000	8.9398	8.9398
1895	0.0998	0.0000	8.9499	8.9499
1896	0.0998	0.0000	8.9600	8.9600
1897	0.0998	0.0000	8.9697	8.9697
1898	0.0998	0.0000	8.9798	8.9798
1899	0.0998	0.0000	8.9899	8.9899
1900	0.0998	0.0000	8.9999	8.9999
1901	0.0998	0.0000	9.0097	9.0097
1902	0.0998	0.0000	9.0198	9.0198
1903	0.0998	0.0000	9.0298	9.0298
1904	0.0998	0.0000	9.0399	9.0399
1905	0.0998	0.0000	9.0500	9.0500
1906	0.0998	0.0000	9.0598	9.0598
1907	0.0998	0.0000	9.0698	9.0698
1908	0.0998	0.0000	9.0799	9.0799
1909	0.0998	0.0000	9.0900	9.0900
1910	0.0998	0.0000	9.0997	9.0997
1911	0.0998	0.0000	9.1098	9.1098
1912	0.0998	0.0000	9.1199	9.1199
1913	0.0998	0.0000	9.1299	9.1299
1914	0.0998	0.0000	9.1397	9.1397
1915	0.0998	0.0000	9.1498	9.1498
1916	0.0998	0.0000	9.1599	9.1599
1917	0.0998	0.0000	9.1699	9.1699
1918	0.0998	0.0000	9.1800	9.1800
1919	0.0998	0.0000	9.1898	9.1898
1920	0.0998	0.0000	9.1998	9.1998
1921	0.0998	0.0000	9.2099	9.2099
1922	0.0998	0.0000	9.2200	9.2200
1923	0.0998	0.0000	9.2297	9.2297
1924	0.0998	0.0000	9.2398	9.2398
1925	0.0998	0.0000	9.2499	9.2499
1926	0.0998	0.0000	9.2599	9.2599
1927	0.0998	0.0000	9.2697	9.2697
1928	0.0998	0.0000	9.2798	9.2798
1929	0.0998	0.0000	9.2899	9.2899
1930	0.0998	0.0000	9.2999	9.2999
1931	0.0998	0.0000	9.3100	9.3100
1932	0.0998	0.0000	9.3198	9.3198
1933	0.0998	0.0000	9.3298	9.3298
1934	0.0998	0.0000	9.3399	9.3399
1935	0.0998	0.0000	9.3500	9.3500
1936	0.0998	0.0000	9.3597	9.3597
1937	0.0998	0.0000	9.3698	9.3698
1938	0.0998	0.0000	9.3799	9.3799
1939	0.0998	0.0000	9.3900	9.3900
1940	0.0998	0.0000	9.3997	9.3997
1941	0.0998	0.0000	9.4098	9.4098
1942	0.0998	0.0000	9.4199	9.4199
1943	0.0998	0.0000	9.4299	9.4299
1944	0.0998	0.0000	9.4397	9.4397
1945	0.0998	0.0000	9.4498	9.4498
1946	0.0998	0.0000	9.4598	9.4598
1947	0.0998	0.0000	9.4699	9.4699
1948	0.0998	0.0000	9.4800	9.4800
1949	0.0998	0.0000	9.4897	9.4897
1950	0.0998	0.0000	9.4998	9.4998
1951	0.0998	0.0000	9.5099	9.5099
1952	0.0998	0.0000	9.5200	9.5200
1953	0.0998	0.0000	9.5297	9.5297
1954	0.0998	0.0000	9.5398	9.5398
1955	0.0998	0.0000	9.5499	9.5499
1956	0.0998	0.0000	9.5599	9.5599
1957	0.0998	0.0000	9.5697	9.5697
1958	0.0998	0.0000	9.5798	9.5798
1959	0.0998	0.0000	9.5898	9.5898
1960	0.0998	0.0000	9.5999	9.5999
1961	0.0998	0.0000	9.6100	9.6100
1962	0.0998	0.0000	9.6198	9.6198
1963	0.0998	0.0000	9.6298	9.6298
1964	0.0998	0.0000	9.6399	9.6399
1965	0.0998	0.0000	9.6500	9.6500
1966	0.0998	0.0000	9.6597	9.6597
1967	0.0998	0.0000	9.6698	9.6698
1968	0.0998	0.0000	9.6799	9.6799
1969	0.0998	0.0000	9.6899	9.6899
1970	0.0998	0.0000	9.6997	9.6997
1971	0.0998	0.0000	9.7098	9.7098
1972	0.0998	0.0000	9.7198	9.7198
1973	0.0998	0.0000	9.7299	9.7299
1974	0.0998	0.0000	9.7400	9.7400
1975	0.0998	0.0000	9.7498	9.7498
1976	0.0998	0.0000	9.7598	9.7598
1977	0.0998	0.0000	9.7699	9.7699
1978	0.0998	0.0000	9.7800	9.7800
1979	0.0998	0.0000	9.7897	9.7897
1980	0.0998	0.0000	9.7998	9.7998
1981	0.0998	0.0000	9.8099	9.8099
1982	0.0998	0.0000	9.8199	9.8199
1983	0.0998	0.0000	9.8297	9.8297
1984	0.0998	0.0000	9.8398	9.8398
1985	0.0998	0.0000	9.8499	9.8499
1986	0.0998	0.0000	9.8599	9.8599
1987	0.0998	0.0000	9.8700	9.8700
1988	0.0998	0.0000	9.8798	9.8798
1989	0.0998	0.0000	9.8898	9.8898
1990	0.0998	0.0000	9.8999	9.8999
1991	0.0998	0.0000	9.9100	9.9100
1992	0.0998	0.0000	9.9197	9.9197
1993	0.0998	0.0000	9.9298	9.9298
1994	0.0998	0.0000	9.9399	9.9399
1995	0.0998	0.0000	9.9500	9.9500
1996	0.0998	0.0000	9.9597	9.9597
1997	0.0998	0.0000	9.9698	9.9698
1998	0.0998	0.0000	9.9799	9.9799
1999	0.0998	0.0000	9.9899	9.9899
2000	0.0998	0.0000	9.9997	9.9997
2001	0.0000	0.0000	0.0000	0.0000
2002	0.0000	0.0000	0.0000	0.0000
2003	0.0000	0.0000	0.0000	0.0000
2004	0.0000	0.0000	0.0000	0.0000
2005	0.0000	0.0000	0.0000	0.0000
2006	0.0000	0.0000	0.0000	0.0000
2007	0.0000	0.0000	0.0000	0.0000
2008	0.0000	0.0000	0.0000	0.0000
2009	0.0000	0.0000	0.0000	0.0000
2010	0.0000	0.0000	0.0000	0.0000
2011	0.0000	0.0000	0.0000	0.0000
2012	0.0000	0.0000	0.0000	0.0000
2013	0.0000	0.0000	0.0000	0.0000
2014	0.0000	0.0000	0.0000	0.0000
2015	0.0000	0.0000	0.0000	0.0000
2016	0.0000	0.0000	0.0000	0.0000
2017	0.0000	0.0000	0.0000	0.0000
2018	0.0000	0.0000	0.0000	0.0000
2019	0.0000	0.0000	0.0000	0.0000
2020	0.0000	0.0000	0.0000	0.0000
2021	0.0000	0.0000	0.0000	0.0000
2022	0.0000	0.0000	0.0000	0.0000
2023	0.0000	0.0000	0.0000	0.0000
2024	0.0000	0.0000	0.0000	0.0000
2025	0.0000	0.0000	0.0000	0.0000
2026	0.0000	0.0000	0.0000	0.0000
2027	0.0000	0.0000	0.0000	0.0000
2028	0.0000	0.0000	0.0000	0.0000
2029	0.0000	0.0000	0.0000	0.0000
2030	0.0000	0.0000	0.0000	0.0000
2031	0.0000	0.0000	0.0000	0.0000
2032	0.0000	0.0000	0.0000	0.0000
2033	0.0000	0.0000	0.0000	0.0000
2034	0.0000	0.0000	0.0000	0.0000
2035	0.0000	0.0000	0.0000	0.0000
2036	0.0000	0.0000	0.0000	0.0000
2037	0.0000	0.0000	0.0000	0.0000
2038	0.0000	0.0000	0.0000	0.0000
2039	0.0000	0.0000	0.0000	0.0000
2040	0.0000	0.0000	0.0000	0.0000
2041	0.0000	0.0000	0.0000	0.0000
2042	0.0000	0.0000	0.0000	0.0000
2043	0.0000	0.0000	0.0000	0.0000
2044	0.0000	0.0000	0.0000	0.0000
2045	0.0000	0.0000	0.0000	0.0000
2046	0.0000	0.0000	0.0000	0.0000
2047	0.0000	0.0000	0.0000	0.0000
